5028.255347850331
2149.988999664993
2149.9540739565236
5028.82964176195
2149.986294709256
5029.81866597788
2149.9540739565236
2149.964098556101
5027.633040365744
2149.986294709256
5023.896182881493
2149.988999664993
2149.986294709256
2149.988999664993
5027.633040365744
2149.986294709256
2149.964098556101
2149.988999664993
5023.038198361497
5023.896182881493
5021.224242470099
5030.817090333723
2149.964098556101
5030.559363316634
5026.256363523016
5024.719635813122
5023.896182881493
5025.506959415782
5024.719635813122
5025.506959415782
5024.719635813122
2149.988999664993
5024.719635813122
5026.96582588445
5028.82964176195
2149.8377997990897
5026.256363523016
5026.96582588445
5024.719635813122
5026.256363523016
9158.793597522206
5026.256363523016
5019.2877281163765
5027.633040365744
5026.96582588445
5024.719635813122
2149.988999664993
5024.719635813122
5025.506959415782
5023.896182881493
5016.170998995946
5026.96582588445
5030.559363316634
5023.896182881493
9182.817455976632
5024.719635813122
5025.506959415782
9163.134630849212
5028.255347850331
5024.719635813122
5022.147118486193
5027.633040365744
9169.408691482031
9177.295955565198
5026.96582588445
5021.224242470099
14673.461300849369
5024.719635813122
5023.896182881493
5025.506959415782
5028.82964176195
5023.896182881493
14656.161996518134
5028.255347850331
5025.506959415782
9169.408691482031
14602.934262107923
9179.175903267498
9175.378187074351
14637.305126452598
5026.256363523016
5029.352235031539
9098.49267033552
9167.35002491506
5022.147118486193
9173.423708485365
9145.069500149822
9194.157014813387
14634.0258346237
5028.255347850331
14653.121096100667
9189.58683997628
9169.408691482031
9186.292042124109
5030.817090333723
9192.68633409604
9181.016834159147
9169.408691482031
9189.58683997628
9184.57636729794
9186.292042124109
14670.697066815721
14617.090658682322
9135.380323820564
14525.15387780646
14667.883399141554
14482.478922537935
14460.309427554863
14473.67515972497
14620.54728337078
21431.89503577217
14613.600480669787
21254.34806014321
14491.195432449642
14637.305126452598
9152.058471905439
14437.618828600305
29419.389167405803
21068.024467450097
9191.162099733898
9169.408691482031
21188.44096287013
14342.054124844779
14446.756145716141
14634.0258346237
21349.956780127213
21412.22819190738
21450.964662603837
9195.571285864862
14455.812260866256
21328.195557655057
14573.143470631816
14588.275279403013
14591.985440567812
14516.80412985444
14561.499973485703
21126.04956334429
21163.75663293227
14623.969754676964
9184.57636729794
14478.08784515197
14606.521741618839
14602.934262107923
29216.943096719893
14630.709701222393
21464.852058438784
29312.61621162098
21169.962329683414
14640.546821328766
28927.51799664521
21450.964662603837
18578.087267153573
29689.7575264536
14637.305126452598
21441.5067683376
21176.145065820663
38918.75760130964
21365.95975568477
21441.5067683376
29513.377081988154
21339.135625419818
21277.55785333445
21305.968545999494
21100.472687986203
21008.332250602445
20855.93343671139
29485.02139905465
21305.968545999494
21333.68029661284
29312.61621162098
21376.471794881403
28855.848960078125
21322.681716528732
21206.708184621457
21311.56792141496
21061.472584739942
29366.684991560167
14584.535585721927
29752.672187215452
21473.902668300754
21455.63438035071
21317.139073498685
21397.106301533524
21068.024467450097
21266.00528788093
29225.054078248253
29456.157326059118
21094.024986512184
29126.14170054244
38871.01763384183
21397.106301533524
29351.37289590633
29142.862307927393
38793.12264737479
21386.85504479018
29233.14046846593
21371.231681030742
29142.862307927393
39162.77150450686
29456.157326059118
21277.55785333445
38899.75085674382
21446.25524732603
29006.58983790482
21138.707584347045
29083.941906746415
21157.528145024422
29320.421215507136
14637.305126452598
29257.250516210843
29092.42687394368
21349.956780127213
14627.357445794212
62385.814478633365
21520.389201425856
29184.25630116583
29109.329546589568
29677.695902394335
50243.83040904118
21300.341226117795
28801.273236963854
39119.46134672792
29359.042756785268
29233.14046846593
28746.012051875914
29225.054078248253
29527.358298079504
29289.043201124034
21305.968545999494
21407.222160485933
21188.44096287013
29117.747001984215
29159.490312054524
21311.56792141496
21248.48077561344
21417.198995526123
29448.863981252678
25547.850289360533
29485.02139905465
38871.01763384183
21074.555781936007
38783.258780561046
21482.780097663643
39136.894645713786
21397.106301533524
38279.86256704369
29492.158707772152
29448.863981252678
29419.389167405803
29499.26395806271
21482.780097663643
38410.87348883833
29426.80258269126
21344.561228056373
39066.31453549295
21427.03293523281
28936.38628270173
39119.46134672792
49792.33918043215
38861.38117003128
29689.7575264536
28927.51799664521
21391.997380162098
29527.358298079504
50211.89095197882
48878.55722889487
29192.46413179115
28989.164171113574
21349.956780127213
29151.187952602017
37915.55985754118
39048.324276236504
29404.474371001532
62581.767266865056
29404.474371001532
38822.546650614735
21317.139073498685
29241.20211109168
29534.298635942167
50264.93281689876
49933.298373349266
21376.471794881403
39213.508864213705
50125.09520548483
29426.80258269126
29646.778646007075
29719.101421335614
39371.82516702439
76803.33380545578
38880.62486288254
38662.78025365969
50024.75582302983
77583.52162161667
62824.10191532485
49383.446183868255
38909.269234026884
77523.1194605031
77338.20915721005
39039.27887107711
29627.728488276865
77018.42662701671
49816.136137257774
39002.76803623086
50080.842602523844
38443.1165874577
62299.95928908253
39066.31453549295
49756.4220827024
39205.149110585764
39075.25885953303
49780.396212325846
61793.83648330989
38890.202667926336
50306.66944127516
29541.20501562311
62863.371273695935
50168.78333469232
49683.805075723256
62343.02376142288
38822.546650614735
49447.27566483774
49827.989805400764
49875.101902453825
49910.11350477899
50457.28283605685
76836.77911940607
38672.96571888336
62343.02376142288
61513.40406724215
77804.19252704502
50254.400865295414
76600.04999429714
77598.5226056278
38621.78134004545
49898.474030779114
76287.07053184029
38812.76675130998
38899.75085674382
62622.92933807095
38918.75760130964
49967.837702937104
77523.1194605031
39246.54923224709
38464.49580896809
49967.837702937104
38993.55925392856
39128.195990384185
63352.010108348004
62928.07183408743
49683.805075723256
39154.18272734369
49434.56102421885
29548.077093343014
49732.33138655208
49780.396212325846
49421.82064438338
77211.9782354305
49370.60395565188
62991.810732683385
77259.58407280277
63017.02984450263
50476.61514697809
49875.101902453825
39110.69102254046
50091.95783553716
29366.684991560167
49910.11350477899
78069.33778555931
38301.91992712362
39162.77150450686
77462.09093440416
38453.817887893354
49148.515484292235
49956.356573919344
49695.97940281585
29653.04688875905
29499.26395806271
49792.33918043215
39039.27887107711
62139.77331612033
29527.358298079504
38580.377589977135
29513.377081988154
29520.384337564796
38918.75760130964
28997.88756201118
49370.60395565188
39136.894645713786
39179.83685482084
62125.03694373126
62567.98020673747
49898.474030779114
29701.63688049664
39084.168951215055
50190.410753274424
39145.55699839231
48878.55722889487
50157.91508014494
29456.157326059118
38410.87348883833
38993.55925392856
38345.77032208224
39254.707619056506
29343.675612813448
50024.75582302983
63054.555503692056
49135.23525695145
50296.294590982805
48712.34234554962
39066.31453549295
39101.88531930113
39341.604029039634
62498.554811087466
50024.75582302983
50114.08437125982
61991.142744891855
29328.19957756503
49523.01655876045
38851.71565774942
38984.31851879007
50275.42596150285
39145.55699839231
76462.11112254944
38378.42380989554
38703.36564869788
50275.42596150285
62110.27210625493
50069.69303211452
38743.528376464776
38601.12954412993
49780.396212325846
38918.75760130964
61991.142744891855
39128.195990384185
38559.52649596921
39179.83685482084
38421.6442812509
38937.64349572776
38984.31851879007
63188.91612881379
62824.10191532485
50190.410753274424
50103.03850255835
61529.19631454092
62979.14140628538
49683.805075723256
62526.42232073081
77462.09093440416
50327.298578814574
49421.82064438338
39136.894645713786
114747.76834673717
38733.527838572176
62704.34137769631
62940.89754825417
38517.530838921724
62797.73905623477
49979.2865945378
92415.07723849338
76357.4297608616
39084.168951215055
50058.50934926817
63294.83697106333
61793.83648330989
60962.415638251856
48670.31139904126
62299.95928908253
49622.51230669606
77717.05960440468
61991.142744891855
50013.43787040474
77446.73756323577
75837.37344630076
38713.44632388635
62953.684552548875
49792.33918043215
50243.83040904118
62863.371273695935
62979.14140628538
49560.53007419391
62757.924189672565
62371.58155982295
39246.54923224709
50058.50934926817
62371.58155982295
50495.76003672839
49695.97940281585
49535.547785286224
39136.894645713786
49990.70305274449
76216.26152496057
62328.69916705433
50147.010806121805
62979.14140628538
77643.28287011676
61354.149045270366
49910.11350477899
49331.926550937635
49851.606703718935
49944.84340061017
62540.30756521087
39179.83685482084
77180.06445070007
61793.83648330989
29225.054078248253
49863.36960033697
77259.58407280277
50103.03850255835
39145.55699839231
38956.40688593034
48684.342599409116
49768.423794690796
38642.33193355678
38975.046061768066
49683.805075723256
39171.32299459135
49756.4220827024
50091.95783553716
62065.80799150794
49910.11350477899
38993.55925392856
38538.577255700366
62915.20766130198
76392.43870513991
77115.81921849636
39066.31453549295
49227.69972657179
77051.02577929634
38812.76675130998
39238.34974449001
76548.54507834904
62021.0919186776
77211.9782354305
50047.29177539764
93476.26990224986
50013.43787040474
49804.252541822825
49472.627274361
77643.28287011676
49622.51230669606
29396.973459252826
38290.902182301215
49421.82064438338
93690.33784258143
75597.05365176807
63329.2893323572
76853.45417221518
38947.040609390904
38965.742109802515
62285.54428125785
76287.07053184029
172746.9473598269
62526.42232073081
77875.59628251856
50243.83040904118
114559.97087602703
49780.396212325846
62385.814478633365
113712.66508722155
76651.28455351843
77164.05510154457
38590.766022591924
48781.973020079145
62442.43621326714
112956.94773243103
76870.09731084052
94143.41266090664
49921.721679753646
74435.67952962995
76127.12722695255
93994.5944679373
50222.57516385004
93593.51538012283
61685.75407037964
62285.54428125785
62125.03694373126
80852.14661221499
50285.87999092806
76514.05980067582
92645.96699520816
61654.643109437675
62731.2030091171
61763.08481138697
94143.41266090664
61012.094032960966
62371.58155982295
49409.05463734675
75689.99085922567
62991.810732683385
76269.41020009984
76617.15837561144
49990.70305274449
77477.40602190905
92934.99343770221
61930.91607658365
38928.21575688659
62512.50468158381
60437.7822480142
49732.33138655208
62953.684552548875
49293.02526515209
50069.69303211452
77553.3997269002
75671.45361062748
77211.9782354305
62540.30756521087
61289.779762557184
93957.03857727387
78028.6202382141
50306.66944127516
77369.40363783932
75708.50286040115
49744.391229565146
62512.50468158381
50437.76686954284
114809.67987967313
61592.1188968944
62902.30527722696
60727.99351203908
62876.38684547923
75964.97602307948
49331.926550937635
76969.27827011235
63236.45591541978
76617.15837561144
77227.88233225177
77002.07697641246
50047.29177539764
76392.43870513991
76969.27827011235
48933.26881929614
62110.27210625493
61991.142744891855
49708.125326562826
62797.73905623477
76803.33380545578
77196.03888479002
94766.2030173531
77731.68909983906
76719.17123150315
76514.05980067582
62227.58693842927
76145.00896324342
49161.77219208573
76565.74323057276
76651.28455351843
62512.50468158381
61370.18237149248
62677.340872377245
75295.5196895728
62940.89754825417
50136.07076514628
77211.9782354305
76582.91157407401
61607.78751444536
90644.31930583375
76304.70275352061
77131.93232186139
141044.1211163876
76234.00559944462
62428.32756761352
61208.792830597624
76685.2891606274
116177.55362523098
74812.28741561742
61976.12695449485
61560.707056545674
62400.016550980006
49744.391229565146
62636.583071738416
75745.4508140866
61991.142744891855
62080.65751252453
61192.52613420437
92245.12428418048
62650.203027803414
49634.82655178036
60778.58113543941
62512.50468158381
61747.67008103545
60558.002993813985
76251.72185675912
62385.814478633365
61930.91607658365
76952.82950716103
62567.98020673747
62442.43621326714
62428.32756761352
77067.27497852925
62213.0239347392
61544.96400570875
61418.13953341251
77306.86790231704
76055.32866142501
94731.939083187
63042.08772903809
76736.0660090212
61855.02595788554
76037.31156616601
77131.93232186139
92852.97843813716
61732.2295480262
110689.5377391251
49839.813382775246
62271.099408866176
76719.17123150315
60506.60216820989
66294.5632167991
76668.3021133277
50013.43787040474
61930.91607658365
61654.643109437675
61481.74623758396
50243.83040904118
112980.33249269836
62169.16018177618
63212.77698143853
62256.62480604597
39039.27887107711
62414.1876301225
62169.16018177618
50157.91508014494
62757.924189672565
76870.09731084052
61127.23069697216
49485.26401316963
62484.572870574084
62484.572870574084
93377.70005252157
62314.344296722425
114218.74482721773
62095.47892311474
76251.72185675912
62183.810429968165
60995.55666636658
53881.72443881785
76180.69030765523
76668.3021133277
59496.59890912977
61946.01351270761
76668.3021133277
60929.186646793074
62442.43621326714
61449.9911765889
77369.40363783932
77067.27497852925
92645.96699520816
62080.65751252453
62328.69916705433
62771.231606039364
77492.68261498278
62095.47892311474
76969.27827011235
61870.25736128076
62299.95928908253
62328.69916705433
77507.92050001738
63271.626494756034
74812.28741561742
93238.40823447652
114727.0539301795
77446.73756323577
76109.21823765004
61241.257130580445
112886.61810183995
76073.31886464726
75652.89119050655
77131.93232186139
76019.26766731076
175515.98398726378
75295.5196895728
77083.49038873574
76582.91157407401
76109.21823765004
114830.23927852215
62213.0239347392
76668.3021133277
77018.42662701671
76668.3021133277
76803.33380545578
92266.46046989539
76719.17123150315
77446.73756323577
112980.33249269836
62095.47892311474
77259.58407280277
94505.18114160377
91504.61188202581
77148.01100375806
112071.77951351645
91878.47397359539
94087.8719272014
94326.18172282302
93535.03558511562
93843.5459647351
92687.59216072228
95017.5970897568
137725.84408222523
92351.54289322112
153762.7985621221
76162.86335442877
92030.3390861466
76251.72185675912
112863.11671223004
113956.91929038247
114110.25061973037
135725.79280610167
139024.7986977079
170134.19716667946
224678.85723526508
90828.15770932552
173377.6709128048
170003.77538076625
314994.57576230355
93456.61834092015
176393.32626845737
318010.9934797036
114912.08356011439
114347.78248505053
1303966.9654117962
469425.71350987087
228204.41117912446
172226.9864488729
80852.14661221499
137589.3741403168
139583.77026073006
228173.5377605221
226487.94464813577
172958.63558810359
226553.23725054492
472513.6374111067
98577.21163583764
203507.0716230007
174284.09564310452
470280.7566277338
172226.9864488729
176367.37473113812
137644.04571336892
140651.36550778348
111477.92604172834
113304.59768524094
114044.7409137971
153762.7985621221
138973.20683139266
94505.18114160377
137780.23624913185
77322.55678240582
93138.00744816288
227706.1721159899
203507.0716230007
227326.65701863053
113667.83078973064
114110.25061973037
175297.06692229403
139955.56129816832
140791.31801596133
112980.33249269836
140343.3326442222
756262.3181309795
203507.0716230007
227103.02867816438
173288.37145983812
112745.1770098224
470280.7566277338
137286.71208114302
226748.34930383333
139024.7986977079
314856.05915446195
174992.2951806776
468819.3276318879
137942.73459454955
227390.24949320054
1.7151482937107023E7
94610.69567408306
228844.27060554794
437398.225907908
224986.36242317868
203507.0716230007
172564.37110498192
176289.27425302996
226258.42647921815
1.3470273704441124E8
228080.70207462812
8732671.238300739
2384068.0547140203
226618.4026049967
230269.77415555407
470022.6541099309
227453.70686398094
138791.64559206
138817.6764891291
312932.8850203292
472205.12838812283
1304750.5337921556
314647.22893073637
1309221.534614867
2379518.972501122
174312.8249493845
170876.3758777494
138791.64559206
312750.0204328189
228874.3275673813
175732.53489367286
1306817.799482099
110895.21595779556
93881.51322229489
176105.62384378453
174739.7835731278
468551.14723861404
114475.53321406286
287130.4342932013
474124.7466223559
175379.43446606945
175488.74756881665
175131.3602695284
316676.1774563681
173437.05241222162
4507949.806512176
1303407.7768343063
1309012.313728274
1307517.7808886962
755975.4280712358
4511386.581023086
1310533.685043421
758909.8643045744
755020.0308439919
754301.6794939764
1.7157532055773728E7
1.347021948613694E8
5.374269395263736E8
757510.0941353097
2382077.619124731
3.397128737509299E7
8733499.67440279
1308844.147419214
8730760.150978597
1307256.4846837518
469388.0876174822
1.7155548809531942E7
2383129.1098027825
1305613.9914880681
719843.6324295943
1.715520328056862E7
4506903.262752735
1308548.1886380722
754301.6794939764
1304887.742383574
315029.116224784
1303781.1217312687
1.7154157292848393E7
176777.56757421116
318797.3004304002
467264.09839523636
1303360.9544597173
471471.2849996725
8733334.725187307
227517.02847715828
2383694.45795896
4512695.142318779
230297.80670163396
2385308.798298413
1.7155087752859853E7
177444.06393086334
316610.76565381646
470791.2097454983
4507218.849277531
4507637.474135968
317353.06555062725
1309263.2461378935
467892.7387647917
469538.3695398833
1308078.8939812607
471115.20702515903
316545.1931543091
469312.72550185275
469425.71350987087
1310412.7025787553
228572.05152421075
758642.0354939732
227674.73420971978
755479.3694339914
470427.3899261272
2383647.5712568886
2385670.2699784427
8734101.283731544
1.34710345672438E8
4510296.074095912
1308078.8939812607
8732726.752598407
3.396276551076518E7
6.755388764273915E7
4510195.893750694
4509944.696568733
8732337.306838185
1.7156291963457443E7
6.755990300661707E7
2387690.5836126446
3.396668677782743E7
3.396783461754975E7
1.347015812178352E8
1306596.9822818125
4508570.200170996
1309221.534614867
755975.4280712358
471541.9963269288
4509793.469787905
2336615.4080405654
756547.3494163009
1306949.8201791295
3.395505797722013E7
3.3961356705788076E7
4511582.55122892
2383647.5712568886
2387130.008378042
1301749.0690255486
2384531.259415302
1308035.9789258824
757747.1725072769
1303781.1217312687
2382029.372456491
1.7159457368875533E7
1265535.7106403667
4508518.720381337
758680.4285626891
2383318.2125695413
4510045.3029682515
756790.1612988279
1265535.7106403667
4457367.579361187
8728280.127529822
2384346.487947913
1309388.1134642311
757707.7619136107
1.715606410835727E7
4505035.430960089
4509286.65763646
8732837.65977828
1306993.7483293486
1306286.210935685
2382653.5350875403
2378762.715457296
1308970.3376378966
757668.3102034556
468933.7292059243
4502569.355497767
8732057.930471223
472683.4225361556
2379217.4159410778
1.7154507506150868E7
756790.1612988279
1.715543380952032E7
758947.9487375612
229172.77113691342
754173.8654908375
2379468.8013451905
2378610.5237497804
755271.1206021177
2377123.5640063654
469123.68039218156
755312.842892378
755769.3835877741
8738214.285776312
313296.24987180013
470096.59035669663
230015.48862783134
756221.446998245
719843.6324295943
470682.4820751467
2383270.9977696403
1306330.7222302062
755271.1206021177
4506850.53129987
4516446.499421257
8733279.659601757
227135.0753972264
756016.525132994
1265535.7106403667
1.346902246101047E8
4502067.797940667
6.755342334057559E7
4510794.388378322
757430.741905474
4508621.639710236
757707.7619136107
1.714903822825296E7
4507637.474135968
3.3966564983256E7
1.7157977378401056E7
317129.48347109964
468933.7292059243
471079.37075885443
757982.7671035642
4504602.212148253
4511091.282055498
470935.6157132141
1.715468203424603E7
3.3968965391417705E7
1.7153922966401227E7
1.715725219053058E7
2381787.5601661094
8737134.488635752
1.715736427764468E7
2378559.724219089
4512838.435005133
4509540.584704802
1.347002731701087E8
1.7151603540975306E7
8737754.11960561
8736033.907688217
1.3470287210310143E8
8737548.34036193
758909.8643045744
1.7155145538586657E7
2382077.619124731
1307081.4860217862
2387043.0208836286
1312819.9458043242
755187.5677367159
314890.7413555693
316380.56464700395
754259.1093070316
1307561.1889624216
1308207.3887459538
1307950.0241675377
1.7156121139841408E7
1.715327509903633E7
2381981.087097629
1.7161058289574232E7
1.7154157292848393E7
1.7154098774806853E7
8733828.452461418
1309012.313728274
6.755388764273915E7
8736297.788555896
4507376.123967555
6.747722756716962E7
4509489.882336588
2373960.2829244067
4507218.849277531
8676365.000375088
1.70907563795311E7
1.3469838582154673E8
1308121.7673648556
4507689.627429036
1.7148479809828117E7
1.7148043416346114E7
8737754.11960561
1.7155663632404406E7
1308590.597410704
6.755821878171985E7
465122.9134869544
3.3966808389585696E7
3.3958812050803185E7
3.396613727161896E7
4510195.893750694
1.714879041360095E7
4506001.697859423
4508929.427620574
4511386.581023086
8732893.052524786
1.70907563795311E7
1.7145451964378726E7
3.396225549781618E7
4457367.579361187
2.689516338732303E8
228693.41484432522
1310169.451322755
755934.2936285884
8676365.000375088
1.7148479809828117E7
4506214.805190282
1.7150207128477145E7
6.755636981713304E7
1.7148168283675004E7
2383881.5901006754
6.75526224323702E7
3.3959797758844115E7
4503509.256257183
6.755235408607279E7
1.347032088903366E8
3.396070990096652E7
4504493.550388861
2336615.4080405654
1303267.2074974861
469837.1454751262
4508980.583367004
755479.3694339914
228049.68534848132
437398.225907908
8732113.885318682
1306817.799482099
2381252.2112121475
759401.4518421008
1300783.3339525918
315338.3663763807
437398.225907908
229844.00900220402
470899.5749848416
229083.64712779192
287130.4342932013
316446.53503489256
287130.4342932013
754640.9911938445
4510195.893750694
2383506.663684836
8734481.471738927
471222.46812161856
8728571.992033254
3.396045007136561E7
2381932.763118887
2383365.386641707
4500319.749036047
4510346.099965052
2388619.4732669652
4509692.4414225
2379468.8013451905
4511041.909989885
758372.0685378689
2383741.303278267
1308548.1886380722
2385126.9892811636
4509082.772273734
1.7161477086068604E7
2386428.681241009
1.715268177213019E7
1.715190435493097E7
3.396576890533727E7
8733003.715989592
8676365.000375088
4509184.797231933
3.396199950954608E7
1.7155491331629425E7
6.754571770157582E7
1.7151180735907E7
758021.8871099484
2388785.592006173
1.7160156889061842E7
3.396446709400473E7
470755.0073233447
4510794.388378322
4510446.022674824
1.7157196076735493E7
1306861.845675203
4505787.997602552
1305297.411942932
755187.5677367159
471151.00207982643
754894.0031063562
2386428.681241009
1308121.7673648556
8731777.56265216
2382557.9420311963
2381835.999583164
757589.2838222594
4507689.627429036
8738112.368826715
8734373.059255267
1.70907563795311E7
1.3469632270167747E8
3.3966320848179534E7
1.7151543258858614E7
1.715208436381755E7
1305252.0389777925
8676365.000375088
4505305.023441322
1307256.4846837518
1306018.342296789
467853.7003189459
8731383.397217045
8735181.955480853
1.715940320131583E7
1305794.077768563
4510195.893750694
472479.5413677232
469799.92994072585
756911.0417311573
2382986.8581477543
4506744.954363742
3.396825323532608E7
1304842.0421943653
8733444.732658822
470791.2097454983
755893.1218822742
1307474.3323027657
2385308.798298413
2386824.697730614
470059.64140916284
757430.741905474
1309012.313728274
472136.0732997156
2381690.5663811243
757668.3102034556
2380316.8514070557
1305613.9914880681
316248.1517851611
4457367.579361187
312713.3539243254
1305749.1122061773
2336615.4080405654
2386295.8207729957
3.389484236781703E7
2380018.725246497
2386028.83597657
8731777.56265216
1.7154157292848393E7
1307517.7808886962
470059.64140916284
2336615.4080405654
1311602.57779546
1306241.6613802626
4511288.32644242
2380663.0086538405
4509894.329851473
4509235.74804144
4513407.265034508
753357.2613188339
758757.0833487863
4514247.142615994
1306993.7483293486
2387346.6138555417
759326.3225042027
2385081.426319761
1310694.3201574406
758333.3295139553
2336615.4080405654
2386868.459512239
4510246.005329822
1.7156348814109642E7
4516359.372267358
2378508.890296742
1309677.8975218937
2382077.619124731
468819.3276318879
758255.7233134914
1306152.4477857312
4512838.435005133
1302890.8650300219
470170.3728335438
756870.7874090066
317574.5425103427
1.716047678368002E7
2384253.8462949805
1308335.5059488514
2382701.2721935003
4511923.754042296
3.3960319920970686E7
1.7155548809531942E7
2384715.3435943252
1306641.2236240534
2384068.0547140203
3.396902442172256E7
4512310.943350156
4513407.265034508
2385715.2507320195
8733609.433549918
4510495.919345618
4508673.038926843
2385217.9825525405
1.715039043501572E7
4510446.022674824
8735289.069688361
754640.9911938445
1.715830935715506E7
8733828.452461418
4508775.716101707
4505841.478047833
1305973.5647353504
1310006.3418991
1306905.852600914
757231.6551349116
470354.15146080573
1306949.8201791295
467736.3821495673
4510943.033332529
472513.6374111067
471718.027883131
1309304.9131928387
755437.7923356657
4510595.582891356
2381932.763118887
1.7155663632404406E7
316643.4916981041
316115.1150646043
469312.72550185275
757271.5528257806
227548.63816821732
467105.61282322527
754809.8070442046
471612.5374350933
468971.7914590315
471151.00207982643
470170.3728335438
318072.61804290174
1307691.169243921
754598.6993462642
1304059.6784100723
437398.225907908
2379217.4159410778
4507428.471607641
1308164.598984107
755229.3621932138
756057.5847362519
2381642.012151285
4508980.583367004
1303079.30629677
2386912.172841553
2383081.7328893016
287130.4342932013
2380514.8752297494
2336615.4080405654
1310128.7441770833
2382796.6271841377
758333.3295139553
6.754922006637155E7
4513076.296777654
8732337.306838185
756749.7896834721
4512359.132843744
1309801.4092262154
8737496.77552064
1303781.1217312687
757430.741905474
1309636.6356363758
2384253.8462949805
2378965.1529903333
4505787.997602552
1306773.7141013101
1307517.7808886962
1309924.5075620532
4507793.81674109
2380217.6209237147
3.396765449926611E7
4510045.3029682515
8733389.749563279
467145.2833244136
2384068.0547140203
1.7155029923464034E7
1309346.5356713003
1307950.0241675377
2383412.519905635
1265535.7106403667
470244.00080897025
469312.72550185275
2384346.487947913
8728571.992033254
1.7154390939325966E7
8732281.511268958
1301988.5001320725
2380267.2543287636
1305883.8964518346
4513218.433313188
6.755611165035413E7
2386693.122888846
4507689.627429036
2382986.8581477543
4507061.2282948075
2378203.1675010747
1307647.8832271292
468933.7292059243
468203.819647334
4508826.993913946
1308759.803344368
1.7151180735907E7
1.7156348814109642E7
4512262.707135441
316281.3137472512
1311289.6911370752
1309512.5776295883
468781.12242282723
6.755585273877428E7
4512742.954259639
1310533.685043421
4507428.471607641
3.396552243567181E7
8734427.286839735
2385715.2507320195
1308078.8939812607
8732726.752598407
3.396358862813352E7
6.755295690046012E7
2385625.2438266557
1.715268177213019E7
4507741.741653134
8732560.08862715
2386428.681241009
1306330.7222302062
2384623.387782393
4505734.480333695
6.755552805936685E7
4509337.525940501
1307212.794814715
2385263.412665702
3.395728411474964E7
5.374278109443722E8
2.689559555629191E8
8731777.56265216
4510045.3029682515
6.755208505805114E7
1.3469718083016115E8
2336615.4080405654
6.75511381479144E7
4503233.841053182
1305928.74942956
754386.716106223
466022.36688954616
8728921.035971975
3.396109846080359E7
1.715339326893292E7
2336615.4080405654
1310734.3575457295
754640.9911938445
758255.7233134914
2336615.4080405654
4510645.349593992
1304152.2515412953
2381496.1209346233
4509489.882336588
8728746.677367216
4504384.746664068
1.7154098774806853E7
4507008.611313499
1.71516637833972E7
1.7154332591702387E7
2381739.0824090303
8734373.059255267
3.396908340297633E7
4508157.240842998
6.755134174789336E7
8736086.77453463
1.7153097533358198E7
8734751.75324254
4512407.275512429
1.346967525382372E8
8733609.433549918
2336615.4080405654
4512069.297121438
8727870.011108268
1.715560624314975E7
3.3960319920970686E7
314296.40660177823
1.7154856174015943E7
1.7151059580055036E7
2.689475566838199E8
4507793.81674109
1.7158749271539133E7
757668.3102034556
1.714115912278589E7
1.71495320612215E7
229642.0203710993
468203.819647334
470244.00080897025
314647.22893073637
2382891.8227065024
1311873.623525854
8736822.118363468
2384898.734574351
6.755604699209186E7
8734046.801637437
2.148137368392194E9
1309137.9785949963
1.347006880607054E8
1309179.778731524
4511484.656203108
8727162.911649704
5.374246163720449E8
6.755533270069833E7
8734859.564319396
8727458.153028091
1.715702745546837E7
4505251.177341532
4511923.754042296
3.3958083765116006E7
2.689611678266991E8
3.396576890533727E7
1.7151784148915876E7
1.7151482937107023E7
3.3962701903101616E7
1.3469999565261397E8
1.7158858758410044E7
3.3966320848179534E7
1310210.1114567136
2336615.4080405654
3.39592731202084E7
8730189.54598238
3.3963146286989376E7
1307387.313937745
757510.0941353097
2384438.9592280085
2382891.8227065024
8735449.411074242
3.396783461754975E7
1.7154040214338258E7
3.3965584119665936E7
6.754175694226602E7
3.396777462527082E7
1.7151362174937673E7
1.7156291963457443E7
2381496.1209346233
1.7156801977346104E7
6.755335683664227E7
8676365.000375088
8734751.75324254
2.6895661230956453E8
4510794.388378322
4510095.542486984
1305478.5361992891
754894.0031063562
2381496.1209346233
8736769.893230263
4509995.020968183
2385172.5080581373
3.3963840468946345E7
3.395920736758075E7
1.3469560290918356E8
8732560.08862715
1310933.8093754277
4512069.297121438
1.715032937129887E7
4505573.708164002
6.754649647287683E7
4510346.099965052
2387216.7990685985
1.715268177213019E7
2373368.2263121936
753788.5739701607
4509742.976602852
1307820.7817773188
3.3961742871840455E7
1.70907563795311E7
753096.8751900318
3.396103379996029E7
1305206.6293879263
1.71505733947206E7
8733003.715989592
6.755248834468602E7
437398.225907908
4511680.26533922
4502123.6604809435
1301364.3029253194
229202.40037259707
719843.6324295943
472170.6232352816
6.755154497257534E7
4506427.315792476
2385715.2507320195
2384715.3435943252
8728045.989543121
4504330.291696999
1303781.1217312687
2377175.3070373987
6.756124748892562E7
1303920.5566127608
313620.5396484445
464250.814748321
719843.6324295943
468242.55039642326
1307863.903820446
8736192.372396644
3.395841536872106E7
1.7155663632404406E7
6.755630534553385E7
6.756045611523478E7
8742581.36193698
2376760.4421733976
754002.9658596218
4507533.0506102005
755769.3835877741
753960.1554842907
1302131.7687565559
1.714916191166153E7
1.7160156889061842E7
4457367.579361187
8728571.992033254
8733389.749563279
2380167.9512526207
754936.0479347265
2382844.244917023
2385535.055744849
1.715262221390383E7
2336615.4080405654
1309179.778731524
1.7152443294992045E7
4457367.579361187
1305613.9914880681
1304658.8817881073
3.396263825418593E7
1.34701922609818E8
1.347026017902481E8
1.7152919596270774E7
6.75395512285316E7
4507637.474135968
1.714608951569025E7
3.395861387975059E7
1.715640561934719E7
2.6895388820047045E8
3.39551940061386E7
2.689581296035209E8
2.6886296180381817E8
1.346981740979563E8
2.1481309154786572E9
1.3469581929033083E8
6.755255540992557E7
1.3469305093141946E8
8728571.992033254
2.689459880762707E8
5.374274946970576E8
8736033.907688217
5.374319310333037E8
1.0743371591517313E9
3.395539778365124E7
3.396427955559242E7
8728396.981365962
2.68949494558657E8
6.755072982838544E7
4508312.4001519475
8730246.776904928
3.3966808389585696E7
8733937.711060736
6.755720365475678E7
3.395834912305824E7
3.396045007136561E7
4510794.388378322
3.395688229653475E7
1.3470676512019178E8
1.3469553069809362E8
4504493.550388861
1.3469950823404524E8
1.715190435493097E7
1.7150023476604942E7
8737082.544133883
8735181.955480853
8733719.026429478
6.754984006696123E7
3.389484236781703E7
3.396122766308658E7
8734318.789062364
1.347006880607054E8
1.7157532055773728E7
1.3469451536572263E8
8732893.052524786
6.755764930216414E7
1306993.7483293486
2385217.9825525405
1.715075600607578E7
287130.4342932013
1304842.0421943653
3.389484236781703E7
287130.4342932013
8729268.767336994
4514477.512697364
8730589.368346358
2378559.724219089
2386693.122888846
4507428.471607641
1.3469915871518525E8
3.3964529520770535E7
4.295646296809367E9
8730873.81496304
4509641.864326547
3.39637775721726E7
1265535.7106403667
2382891.8227065024
3.39534835651872E7
2379066.163029746
4506001.697859423
3.395492180690252E7
2383974.9061898226
4457367.579361187
1.347023306980875E8
1.346924606410775E8
1.7149347155709635E7
2.6895079741752714E8
6.754817955731714E7
4511091.282055498
2.689517853941995E8
6.754543338371836E7
4512069.297121438
1.3469560290918356E8
6.755771277278535E7
1.0743425425199325E9
1.3470212687062827E8
1.0743325422387466E9
1.07434148174337E9
2336615.4080405654
6.755018309853096E7
4505035.430960089
1.7151301734638635E7
1308548.1886380722
1.3470494001494414E8
2377485.070044758
3.395237755616194E7
8731945.901867859
1.7144489151856165E7
3.39680741131812E7
4505948.32823477
2384392.7449293905
8676365.000375088
1303966.9654117962
468358.53516136715
2381105.4137027008
1306286.210935685
753831.5202278807
1307300.1345498743
2382366.2826295244
755975.4280712358
1265535.7106403667
1306241.6613802626
5.374293031239891E8
1.715039043501572E7
1302322.335695328
8733279.659601757
4510794.388378322
2380909.1604181714
3.3967292995745644E7
2.689530662489431E8
2379518.972501122
756709.3791422861
2380810.8106829803
8737341.7945528
756749.7896834721
1305568.8768064969
472205.12838812283
473019.458566014
1306685.426093553
757430.741905474
