49101.14155170231
63360.88098320667
89882.53239163492
116329.57140492329
135923.88457254248
150188.29428016106
149639.28906596932
170587.59699556875
205821.99285917744
205520.4389093629
180486.91905538688
197339.4169974979
192527.00789650093
209194.68089595123
227078.85502147843
229351.73940787642
237682.55243726305
238955.69797135284
229426.99836145
243720.4707363631
248769.083992955
249403.10449445428
232225.75469132874
256671.9428880163
241156.34362749173
254855.73547668158
251684.21883569995
249489.0512451693
248196.444623384
258519.7221435013
244617.64957759393
271562.81907262263
269981.5258427437
296466.7598324425
271188.9427906289
265936.0246127667
277411.05936448975
270894.8881137017
270134.1180363567
288500.93880381365
274453.99156637536
271021.29460653017
257885.8536433979
265819.721038905
279008.51693184447
322300.50605989544
267336.37062140077
274845.45902333665
297136.19700690266
313706.88838851487
286021.4215216815
309534.306241421
306570.502459531
306665.1390414777
340136.4221972899
354523.2140675109
312745.7272125173
330144.8957907483
371972.47747112875
346321.9957778436
377232.1692471229
377107.7745034448
370178.58361410844
355779.5053314041
365640.61907486676
366804.82931581896
358341.2297283457
369527.17150900303
381326.817539862
400125.23762216803
387159.9051939427
387178.3047478111
414772.70018590067
384998.34207748057
400045.9574534835
421664.4160601399
466084.2348588415
481215.7056602341
458462.9753164694
470101.2855745806
481751.4689036413
476364.5344555979
499542.11557980767
494753.33877763274
468510.4740882054
562517.454360165
578385.257318104
517617.82404545386
530157.3567227662
568002.8284352904
560556.8798434284
583562.0633954394
574147.9902438269
572993.1762924853
572863.5642384446
619615.0317855423
594662.6989514144
560726.3507130602
631399.0051534395
623176.0120865927
681882.0380516008
571081.8384589811
638505.7653309939
585287.3727522965
634000.777816289
688104.2408972608
711569.0615652268
718156.7683691029
778231.4206917945
800109.136992688
870944.7638453225
767135.4632179928
741414.993984757
715290.1765469867
747545.886511425
850673.5430703085
857969.796444203
916502.1851883335
876139.4059618585
789068.8185588402
743557.5892966544
833246.7613119006
844236.4418086715
756507.7190654562
854246.4839801044
973345.1688039416
917006.5021480646
770546.9202086127
834398.6969302717
810531.4710497867
893296.5224955484
903296.4080722197
820287.7948905363
863570.795570569
888344.6348285028
934008.4805317504
963573.5219434312
1026385.7586784044
944355.3733826332
900401.0777579215
836453.1438132739
1011421.8232508934
916770.307671151
983603.4271930446
973224.7784434686
952453.0784799653
910802.8789971747
1019523.6812114532
1105705.7885645952
1012672.4127539783
1003487.4470221869
975258.5138061923
1086022.8653345844
1018512.3059515832
1079798.9793322086
995789.5118022999
1043465.2520410835
1030882.6671347695
1004557.7395568752
1062373.781878807
952676.1130882055
1149638.2337114979
1006617.4868451186
1146927.4243717366
1097708.2022382426
1198564.0761776892
1187940.5401406111
1152881.773485147
1109959.9239164046
1151137.1436204643
1233618.27786276
1119175.2013423396
1231764.6207451418
1363263.1817937794
1309533.6498956054
1314519.5440616892
1336300.6794296447
1240297.376001598
1380078.1753885702
1170851.5531888544
1201350.923246163
1324021.4244361257
1379639.853037287
1285780.4459468585
1273895.7284989546
1395979.7188590253
1327505.6971112974
1415915.4068899686
1534948.0925319854
1673087.2054360004
1621091.51259379
1450572.932014922
1709114.1972172912
1664984.6045906937
1516263.121133148
1560166.584172609
1661999.5653881754
1584379.7785466458
1701620.9426466564
1481760.3371778685
1448006.941497785
1638714.1119588322
1551564.011824235
1607820.9854787346
1392735.7217408293
1621282.579387492
1546528.3099287995
1598462.1448836203
1377948.6900357786
1470166.2798377892
1495835.0898706596
1348245.1350614224
1324673.3823659997
1424182.8124909021
1493803.20240464
1434532.588893468
1586595.7110035068
1507434.7676044977
1438329.8996233756
1439376.7233838513
1471783.6317170598
1610496.5055750425
1578944.7187470435
1558733.2100196965
1707372.4489027888
1671176.928452687
1766202.5038788144
1754429.8939157028
1737992.148607178
1643456.2475092814
1637111.2296288451
1779747.1938914638
1547548.0562847136
1689114.1237715601
1633689.4715861634
1609899.201588774
1900432.9657001507
1630576.3387049627
1726226.3806250037
1935564.7865113118
1598228.1719926882
1884861.5928438848
1754411.8454053807
1739348.7482662755
1859102.0454851869
1694014.2416937775
1754592.9243910767
1792843.5045341137
1700084.1231438066
1487657.9679757312
1591950.6582896535
1793783.7616123091
1707316.7658478636
1633851.961080383
1540426.5686224352
1745048.5844177085
1525746.162567641
1665054.0237988515
1822540.0456737217
1637575.469171882
1695875.1938942368
1635058.1931980646
1531453.3844753243
1639214.1844880625
1625973.7990489858
1812535.3712965746
1739978.4670586386
1812138.838172089
1829550.0663535262
1798002.6965891074
1919679.1749588735
2027563.2668751501
2019344.1818212566
2065331.6416261974
1941845.5950294617
1996772.246021717
1905243.4130104524
1976292.3904276125
2065710.749319416
2160598.217531435
2167539.2775306446
2271377.4113503047
1963531.8662055142
2188718.7932425225
2364013.703803008
2169627.4995423523
1992567.8002411993
2334466.116497089
2277928.4133076766
2522498.6216600747
2264996.8770769853
2519122.5547863566
2478449.076333778
2606897.5397522394
2777691.997359803
2573239.366207553
2709018.9850075417
2781503.371145655
2573158.4630130916
2710504.8039862183
2864458.509599928
2621290.356246225
2838505.3656967646
2977785.8743279045
2894799.0311018713
2715212.5781430365
2823382.2852993156
2591348.4391146386
2774361.64903606
2560653.707252473
2618892.707727509
2603425.8766197995
2639494.7044720417
2685077.282582207
2455837.7379000713
2519631.3900252995
2522692.557536302
2550660.0387943015
3173036.363315382
2541381.6111914273
2556467.733807287
2846398.420136875
2707746.362171302
2582239.105767782
2724593.298604194
2834848.1000461453
2365264.9418514133
2433387.0733524077
2755385.0172357047
2696725.5925120534
2651116.594521381
2839053.550368748
2608986.7100853054
2646286.5881195823
2614011.8200708185
2788711.6980139813
2680879.12653462
2412740.1943201413
2714939.380935631
2592165.786283426
2475715.8900515633
2729265.9465092164
2422336.9484547535
2752174.0726319905
2803409.894317778
2365766.897565616
2624088.656329559
2498660.030804554
2595715.6878976193
2467499.6783894775
2347878.0855734833
2392544.0033662985
2348069.59188707
2411904.9593963847
2254965.4928543344
2540315.0236066324
2338271.674914692
2661505.657582168
2479358.3185383407
2728927.219221333
2579845.493613393
2534630.8107139226
2694795.7840296747
2687165.92462333
2469896.186752115
2349210.17798738
2850065.7067026636
2407600.4719288037
2675996.75493647
2627670.9608388743
2781585.6749913925
2491257.3576269657
2664940.806838514
2559456.071022459
2245834.459190131
2507747.8954085456
2623570.263681146
2392301.099112639
2307834.642295864
2705509.587061984
2405934.392014175
2531748.0385025423
2478139.524355795
2284624.161240753
2158435.733826964
2323685.212531439
2456350.559425767
2348274.6292584715
2309427.021056647
2414947.8442146177
2416451.6773271984
2412887.2749429625
2457165.3031782135
2505584.38656324
2302651.048268941
2325015.212240948
2415422.894707289
2395325.8704235726
2376658.349513772
2238783.5425713155
2469386.6298155906
2428736.8247935325
2338337.8952310667
2249227.14502268
2450147.5934998854
2536860.4722082545
2234856.4898731434
2633859.3685938083
2612715.330908492
2364184.89882184
2433546.1985455053
2349798.3793532355
2295141.1800218797
2396563.2370110843
2388852.4766518874
2287659.5445024725
2273516.301211462
2445892.4944083565
2487958.136065508
2409450.416239669
2595379.5010091355
2289221.48957529
2550284.5243051946
2143257.448323376
2191315.8298539305
2520348.47624307
2553626.332069315
2471521.717834235
2618519.919495884
2594882.7145314217
2345997.4581670174
2355581.364504628
2488048.7163783326
2752368.7654826124
2588969.8425165988
2318249.340732166
2478910.8041547732
2317959.893806632
2627697.6753746704
2268426.94718109
2213147.17677479
2711728.9650144484
2728974.1584436465
2742669.891551216
2659955.5940710697
2892172.0555389854
2842776.6736565456
2757408.1146476557
2711879.327983177
2566429.397933317
2562356.3778123213
3038690.6763149905
2845693.775290091
2579523.2203789027
2751100.17161283
2781677.1453079423
2932575.7736533983
2849093.863951977
2964282.18569504
2893485.01546111
2729374.4632502226
2617115.83173948
2792754.979940652
2817816.392671084
2658064.2045086175
2584855.8869081424
2658530.080787839
2845621.064980719
2777560.6136330664
3015217.382197148
2661018.4216320775
2858041.544599505
3036875.664245064
2605228.6123615676
3041110.266611446
2904982.1248490065
2471786.869839161
2889351.5887925248
2688801.82206829
2940030.5052829804
2925963.4226025348
2939980.7180437003
2694878.5245843604
2861649.9129738496
2845688.823274016
2766938.075536692
2448091.4540612474
2897342.0805234113
2674520.3351282333
2919849.683540241
2672965.0041465103
2713212.514785938
2826664.27316497
2856829.5365806515
3175450.6451199926
2716190.1877081934
2530982.3454328775
2830373.8325804407
2743055.288843977
2539023.7069730405
2534687.424898817
2793277.855403782
2694569.808872493
2916422.6740298024
2620702.8748839567
2852995.1520676464
2869382.018025424
2653942.3965053805
2754520.767040335
2675070.0996027905
2600439.025727814
2706740.4871183224
2512563.635842859
3120858.8473190865
2876632.3787088706
2680482.178087216
2874626.428704284
2881590.9599124165
2915489.3250027355
2693079.409873597
2756187.0805018595
2836572.635614469
2733134.8453535526
2719077.8869377575
2932187.4247282054
2574257.320756085
2725049.8049442912
2903754.1760288025
2696791.5653093043
2847461.8283839845
2746775.473284022
2903149.4699418303
2772906.359181551
2941298.8030402157
2923989.071448339
2668631.6130419704
2809912.243586277
2635148.549003585
2647697.1096407827
2514533.8895056513
2303751.873103114
2426597.5153003163
2390610.7119805077
2534278.0495243673
2644561.254447325
2596434.5129201617
2654983.826800001
2747878.3038296
2720233.229558693
2769540.96184185
3131235.1580523397
2978475.1757602803
3162761.0396908196
3332714.889812597
3211355.0387253934
3223737.9911927986
3120608.7461881693
3007382.0224244376
3259689.9705313286
2914163.596059036
2961448.9325682684
2771123.111995078
2909408.4123518853
3178616.183279263
3091606.327974199
2878018.7022784567
3063735.4759185356
2842817.7671788307
2963968.3725102358
3251121.3677538508
3327138.4771084567
3250411.910095234
3008314.4180134092
3105326.6520487987
2906030.2575612986
3368559.6686958894
3689801.0748193804
3595992.4358891775
3284502.7851139014
3604566.1865926115
3168559.1687199897
3001470.9069571984
2872921.022603926
3196694.989713381
3286399.846257352
3085089.185707805
2773985.901071806
2727474.6994955423
2680421.781213654
2942563.4045178676
2930084.424951133
2834872.9537607073
2908028.8262766013
2903224.440225471
2894660.124823065
2662936.737482603
3122366.6127080065
3297191.1752003203
2956183.2832040107
2774027.706646462
2976047.947215836
2842814.07800098
3298800.2830475345
3566934.6247379133
2920264.3759551095
3067842.137319596
3206243.8087939895
3350590.6783716655
3048893.9453604775
3068828.384414016
2772992.6958407303
3163133.761424769
3468690.900334999
3226038.116033435
3387219.056190587
3716456.105079517
3565534.909082021
3579951.312004597
4260576.0949627105
3971362.471370677
3532826.4386911024
3837721.4159733634
3918958.121407064
3926660.4189238725
4085779.5532284714
4054120.8641385427
4490483.848853622
4073861.50912892
3678904.94144996
3727937.5483170426
3567810.1884340844
3491580.64566245
3283742.877534505
3840342.5749055515
3769660.1720329043
3798864.8452283293
3810163.116566589
4008269.3189195837
3795279.086388567
4007333.6722360696
4170950.4310468296
4262455.290444971
3974170.8431506725
4058347.7863266193
3823218.6228596466
4374333.110746197
4357515.58581639
3391395.010507345
4253373.48164927
4138872.092619856
4094025.940707435
3844576.635297989
4019861.145888624
3853747.0660124617
4489806.069001453
4563898.073078117
4169325.7049319376
4580604.029968221
4561899.828397087
4290059.879706744
4422455.315056234
4710644.36696818
4236712.667222055
4715755.5372499665
4404704.298381924
4567924.590484064
4219533.422713746
4088894.7424985142
3909704.1158945346
4329743.758734025
4369932.973265111
4310696.641813122
4754860.729541939
4721165.945564623
4705262.654848813
4416111.340735747
4310393.314667193
4568438.677142227
4647806.325625293
4580576.198093635
4465515.490177063
4229033.551583416
3555721.6292155567
4264983.754155932
4107204.75618671
4513844.777538186
4117094.863134331
4227235.693932775
4683468.30367836
3889473.0201875945
3974989.5715898685
4444523.497049039
4239009.917963701
4721057.690036482
4027716.7923531514
4499662.6192271495
4641324.419885232
4085527.6110363156
4354083.243625991
4365366.161721919
4876420.839320887
4126683.748761167
4378248.0629121605
3850283.53835374
3781697.7301062127
3736579.548952338
3983439.06548714
4121664.1504250444
3915734.105871357
4037175.117847115
4207309.921363178
4116388.613412666
3511737.5737929945
4395629.625480574
4251376.335895387
4046762.0822801893
3631014.871739472
3673386.904013334
3980872.708723342
3457936.276674404
3742123.8514937437
3880221.168580991
3959618.7649655878
4067818.766957964
4315395.198179026
3979770.2729321467
4636785.434667198
4488159.669009199
4016128.6593336854
4470181.445514055
4716571.701661165
4473798.901673182
4440160.057660452
4638327.955722791
4313239.447028045
4482790.982284123
4179099.2085410147
4421325.0402523745
4166633.437073431
4205416.478967821
4808804.00932754
4506248.939246746
4749630.31236465
4530597.965485727
4869624.667331876
4759000.048144895
4288849.063865156
5036761.411543302
4672997.30821178
4798565.080832826
4381930.006999963
4224309.786526457
4678217.079704168
4453281.922849606
4346787.220196332
4756076.857898519
5602103.197387152
4660595.916500004
5068855.85021564
5453445.805914787
4983750.151141389
5649159.474540137
5526140.311573736
4608226.629393284
4837522.92777859
5531667.329267309
5447881.232894097
5426929.081092364
5220743.446263006
5790061.857465539
5037022.0536689535
5167939.327427404
5705987.46298049
5535874.357954395
5292788.586482653
5067600.597077592
5173541.753965254
5633968.132240386
6274454.115133091
5955796.34173451
5283193.0063449675
4975867.757562805
5603066.765617757
4929031.504692688
5116954.917617405
5685848.6933956845
5038327.351733943
5106623.437288905
5370963.300355762
4769082.541886708
5202824.858058052
5266088.834040951
5593461.506845069
5577774.629826155
5823897.635133116
6282136.608785546
5883254.808039445
5789815.944982855
6759067.881301226
6546183.233493739
6117589.528049123
6272386.087319137
6478826.279622976
5140304.615854647
5950377.07371342
6834495.39028462
6224177.885579789
6502038.833255111
6898318.018752173
7016732.128371245
6073515.522193423
6295173.84227973
6256997.20267606
6639705.096185648
5932738.599705613
7313983.99199226
6995224.472771542
6919384.38632909
6501162.584348628
8105084.688579538
8467297.348800827
6957161.71037096
6563610.100552931
7317611.996152475
6978176.836996137
6908582.693370555
8025538.259344413
7971568.920962529
7731247.38169106
7232569.185785378
7259757.2106989
7319405.3104146635
7615613.3792242985
6471172.997991782
7321805.426999875
7241655.067714445
6664517.193790567
5822006.093269453
6615571.996108457
6649300.612152853
6210939.732615883
6982411.9173081815
7153695.885832947
6698561.062948368
7668453.225592589
7304617.20252717
6472605.846075101
6687883.131168031
7638372.961773974
7268279.665142321
8089696.16936866
7105726.051457095
7069162.175948071
6638887.363859945
7764252.812302022
7305331.6386653315
6696683.341091267
6918354.099688927
6846865.7770782495
6930756.767239682
7588522.969899139
7837870.830069336
7475130.92988857
9748196.161433214
7857888.853153651
8355096.496712448
7866317.321085631
8436993.783882076
9239553.423532868
8171064.134306462
8321029.57697134
7432431.561381357
2.465606175824165E7
8232494.537560792
7184093.045365543
8703260.525189595
7868526.864851514
8376257.582385689
8207604.971975724
7472083.769559781
6861177.307606415
1.4168197302232125E8
5244601.6722261235
1.4918423357795248E7
9378023.430378096
6831402.309242565
6934020.302541902
6504648.567526566
6157410.222963396
6293104.883366745
5785622.181211848
6177165.84729794
6619984.968073492
6920523.255645273
6243752.278591846
7392619.821711964
7263291.855626845
6140538.542787922
5917955.278950578
6583032.485610964
6734069.892686488
5899702.488619043
6260642.078848983
7988503.235396163
5847838.091846885
5896260.34725374
5967669.180898341
6229675.0812557535
6900378.669645349
6618519.026674136
6987656.644305025
8380437.182906426
8204110.275292408
7109084.160493925
7042103.494298471
7608861.78633623
8162850.256874146
1.2984496187683787E7
1.178452734052213E7
1.228509009226282E7
1.1558261296189291E7
1.117934734735166E7
1.6875007915448405E7
1.3096079030118454E7
1.257526545068134E7
1.2158267225092847E7
1.2378793525060354E7
3.01804827895706E7
1.6318527972633466E8
5.670058433897896E8
1.403790458165836E7
1.4346421820826748E7
4.49783092902742E7
2.891331749672549E7
1.5347439858035037E7
3.0599719568449207E7
1.4328289882311659E7
1.239858804672644E7
3.212481527007763E7
1.719140919994021E7
1.429976047802194E7
1.2495710599614907E7
2.986266209876438E7
1.77366766413952E7
1.4623356635293158E7
1.3277032670947405E7
1.1269884633019378E7
1.0025065250316855E7
1.2818212139706813E7
2.812820196560796E7
8491308.390355278
9411057.532090412
1.0316823684453398E7
1.2205130338066641E7
8755620.975195391
2.002195276059397E7
7375081.058457946
1.2072605284861647E7
1.5242659040840838E7
8691224.770261532
1.1320559981721371E7
2.773227115539984E7
8606606.523917742
7496599.649878892
8708811.749138203
1.1383154083641233E7
1.3036443733568557E7
8935216.408609781
9610217.94917283
9074831.89956499
9320024.61097721
8843736.096483191
7672254.07833955
7658387.618115904
7251430.701633982
7651488.705068277
1.0084175620611573E7
8851910.102708654
1.3955948896998245E7
1.0424801831848763E7
8288497.79421944
8926358.370973796
1.5864438558860922E7
1.7365068119636666E7
2.509148568846251E7
1.6635528299777353E8
1.5244713503065983E7
1.4652528064990066E7
2.1864615156010136E7
6.952565374292341E7
8.800103839391091E7
3.507044032488435E7
2.5616859225997645E7
2.0257262220282868E7
3.441699481188457E7
8.149156257159689E7
1.7206097544918835E7
5.075626063065194E7
7.009414979586804E7
1.601040874447525E8
1.7425296381201133E7
1.7545477321999893E7
1.3051178780791733E7
1.1544359422370305E7
1.1514638664108815E7
1.6502383937215172E7
1.2597243178783495E7
1.581019263739147E7
1.6126617870574165E7
5.054245316900118E7
5.4074726418179914E7
2.8378090520930834E7
1.9557149382511046E7
1.956213150077969E7
1.6086309375565132E7
1.7421105194083057E7
1.8602466612626202E7
1.4670909277170273E7
1.307978367949808E7
1.842108323833732E7
3.816140984052606E7
1.7559338056097135E7
2.5030001924467735E7
1.2687334229821017E7
1.4079672122630278E7
2.192989497446364E7
1.5431396343106043E7
1.3785115451871602E7
2.0052912828426193E7
2.094264158665999E7
1.6794041967108443E7
1.578222435844946E7
1.5584947092607448E7
3.0068055625071626E7
1.5533863013993654E7
1.6458741398410367E7
2.7096904450295854E7
1.5815580531748004E7
1.3042088957573012E7
1.4961500252417548E7
1.2891072027355146E7
1.9917407883462634E7
1.3875808851958437E7
1.3016033948929397E7
1.7982848399769884E7
2.1180835546273194E7
1.291289021905591E7
1.689800342676151E7
2.762631454107749E7
1.3583249295807598E7
3.089482247528222E7
1.1922451124202404E7
1.0317905851598764E7
1.0455821939507635E7
1.5156684290759267E7
1.3637422787142213E7
1.162044237683977E7
1.4242945810950462E7
1.0679877111559305E7
1.132066741305041E7
1.1793851493326828E7
1.9219616858178493E7
9455829.056052841
8976233.809334982
8462653.731806912
1.0013799689534932E7
9897808.509421797
1.1979857682571227E7
1.4245278698866624E7
1.2715006849274542E7
1.107251078180146E7
1.4563758970343696E7
1.396632320886143E7
1.7607341734661456E7
7875685.508574189
8886863.74457416
1.0298224718778662E7
1.476329786941038E8
1.6435801593396403E7
8.308636116364615E7
3.1217350713517934E7
1.2613730547212377E7
1.6251859147629926E7
1.5335731927076686E7
3.372636044610921E7
2.1925795190375037E7
5.594905049042302E7
4.2510066413311005E7
1.3193129045453152E7
1.195185733058982E7
1.0845314589735193E7
1.3523425396572143E7
1.8272326576214246E7
1.962261391674255E7
1.2592580864457041E7
3.3401461177727893E7
7.410497330280362E7
6.982165408055812E7
7.673064190669535E7
2.863218913160573E7
5.641629376794823E7
5.3363605354747474E7
2.3804952854403254E7
1.971904693494012E7
2.1062725207092155E7
1.738950473972262E8
6.209522332955843E7
4.087546677220776E7
3.1010028056385398E7
2.3368735440519238E8
2.255171352618312E7
9259594.953795617
3.23521412915267E7
1.9079836366040844E7
1.318873977996037E7
1.3995639784872796E7
1.205929343627806E7
1.1479768260027457E7
9645576.774727501
1.0509303362161482E7
1.0761918957828004E7
1.3564395510719972E7
1.4913092342159702E7
1.2796657629133532E7
3.8181481348813705E7
5.269432623239675E7
3.3404631842256315E7
5.2745270809319414E7
9.521293481178296E7
7.99565383941575E7
3.918629056779717E7
1.5173527497993689E7
1.2250163218797062E8
5.680914749073326E7
3.0035456428845827E7
1.4965671292762452E8
2.7132976338481586E7
1.6703448948184391E7
1.9802642043614298E7
2.8039703940883417E7
3.304067161807648E7
2.0263498740231338E8
1.4765323963920774E7
3.169902067888217E7
4.676254708157054E7
7.566163151063351E7
5.429057636860847E7
4.254534892065169E7
1.6378591574322142E7
1.2021830003567186E8
2.0653264052930545E7
5.0143936222850144E7
8.400269280639009E7
5.9655155334315814E7
1.9957219810208745E7
3.6460931623492405E7
2.3802874474944912E7
2.305254429907764E7
3.1422095197720975E7
2.656552611750957E7
6.124773760078099E7
4.363149841928785E7
8.446067185824434E7
2.6740764576203845E7
2.9813990859198093E8
7123379.452197747
1.3230041279707804E7
1.0259118323839497E7
2.4615867796894465E7
4.511319390000229E7
3.0587415226943437E7
5.966274661323367E7
1.5130672466547894E8
4.864094040695883E7
2.5874611414752595E7
9.455827859463383E7
7.402595771071605E7
2.1145167722031172E7
1.363181657135651E8
1.553540968209719E8
5.964553264456222E7
2.5328520649326507E7
1.4271126224262822E7
1.5424330652973544E7
1.132264564805026E7
1.6692953969489789E7
1.515408252905104E7
1.1360697509288436E7
1.2623099905694762E7
2.1534051525954228E7
1.3482166990150575E7
1.1605389658666713E7
1.2550363529872065E7
1.2126839520676775E7
1.0875806863715727E7
1.0135600093869668E7
8987307.462652218
9705636.856836818
8885085.388632407
9787409.232627898
1.0737627749789832E7
9646482.835833173
1.0738129557161937E7
1.7141963042822704E7
1.3867821983999185E7
2.165592967549315E7
1.1867605895714255E7
2.399636502408458E7
4.941085000431443E7
1.8267036047084652E7
2.13111465037542E7
2.365275765666716E7
1.6258129272530349E7
1.7157281338546064E7
1.9406922967907846E7
1.590152007537042E7
2.0891763782982573E7
1.3249228652889285E7
1.3113426782441204E7
1.7912947033437796E7
1.8806446584591877E7
1.7659688963824704E7
3.3385912162649404E7
1.7771471936961666E7
3.3181186615390893E7
3.944008996475954E7
5.574246866571998E7
2.7573279170336686E7
2.871642395279476E7
2.2714090959196445E7
7.824854228261682E7
5.469502292152163E7
9.343944870153102E7
4.667079658169857E7
1.092384658622557E7
2.1472798383361917E7
3.1225012300939765E7
6.348387914739966E7
5732289.370364872
1.76342674096256E7
2.7507083129679404E7
3.3159314704461217E7
1.576418978673635E7
2.451258289479123E7
1.9253205418270998E7
1.5120320881728334E7
1.5938946932098482E7
1.4500841411142752E7
1.7046873721542925E7
1.6486193972710866E7
2.6112721018227644E7
2.3439744756165132E7
1.886708481305503E7
1.3844285342856074E7
1.9285517462127633E7
2.760921772021922E7
3.8032971367994614E7
4.733414845580293E7
1.783261624395504E8
7.2149218895112E7
3.793383367371986E7
3.473234523389948E7
1.732290487257683E7
2.4438627756045908E7
1.8782729391110096E7
1.9958926358616114E7
1.936000548889114E7
1.5165189358627087E7
2.420907181641307E7
3.564301743966728E7
3.750176055884137E7
2.1652707794511087E7
2.296008729404739E7
1.4602262194365056E7
1.387255463104055E7
1.550097172492264E7
2.078968020337952E7
1.6532728004185252E7
4.664248279742223E7
1.5729307915447576E7
2.2463126336558875E7
1.4429967638769262E7
1.5231978297054349E7
1.3851317181336159E7
1.6752337081193348E7
1.527876848484093E7
1.268185366215103E7
1.4427481155969929E7
1.3785390749482127E7
1.1690678042041915E7
1.480399134558519E7
1.5362220985707156E7
1.938442457875668E7
1.713136613626704E7
1.3135688419357082E7
1.7954699602421507E7
1.314792849114159E7
1.2917261509960752E7
1.484283333782318E7
1.820944776141552E7
4.630216292137402E7
2.731110687822705E7
2.5884199508829083E7
3.614726567106229E7
3.662722428235206E7
1.6857377626101308E7
1.5488007446195148E7
1.6518134472150665E7
2.5524006006585136E7
1.9698088723007258E7
2.445152131706743E7
1.6527302413294848E7
2.491067820577127E7
2.1805925147386163E7
3.5033667628781945E7
1.7259924541865025E7
1.4176050352409106E7
2.180233689427129E7
2.1161151609945945E7
2.0239044204157725E7
1.8337570142785616E7
1.7250297959233887E7
1.728809549012039E7
1.7461645383638095E7
1.7816226744934816E7
1.9799362388779797E7
2.289168533879706E7
3.290038992469631E7
2.238389388500947E7
1.9784541125811577E7
2.0104603122801565E7
1.7781197919203065E7
1.2780809741202967E7
1.40287965950724E7
1.761899525233947E7
1.8546911829224516E7
1.4609221466092145E7
1.4025873378509255E7
1.3212882581943586E7
1.3953150005863689E7
3.2833793007069934E7
2.03190321998967E7
1.5427161126935568E7
2.153946753961036E7
2.275580937028059E7
6.89524813716389E7
4.3538941530573666E7
1.8043905006227255E7
2.4861373856441606E7
3.020619009456926E7
7.058270786019962E7
3.1456092032704893E7
3.1377884436311416E7
2.666096694994596E7
3.760240847014722E7
2.617605864048617E7
2.8670162613070842E7
2.2943614114295144E7
3.974241289083709E7
3.5978084592568845E7
2.4056689907730673E7
1.7741025381208282E7
4.1908551809035756E7
2.9340923767019555E7
1.9785986630549025E7
2.340032566805255E7
1.799730939142411E7
1.5735987987405252E7
1.5268482712469421E7
1.41561844376135E7
1.1450109915084517E7
1.3461136366353206E7
1.1694024652343566E7
1.7212275416329626E7
1.1044543137496104E7
1.272797944561459E7
1.3388985221003016E7
1.388717349399909E7
2.1331044101234935E7
1.6266800406528652E7
2.673129164499437E7
1.4183857402909655E7
1.2979658414465547E7
1.1659376599776797E7
1.3107461645368362E7
1.0752840983521322E7
1.1583281615329366E7
1.0754376735228144E7
1.1091694243824042E7
1.0102102450472958E7
1.1477012665212795E7
1.1749637324339041E7
1.1272336449618615E7
1.4327361330629375E7
1.0611137006031469E7
1.2072294817243678E7
1.1850035844236387E7
1.7292017680803705E7
1.935173290674202E7
1.4838038858593494E7
1.1542367792387873E7
1.1739372583417067E7
1.685163681550131E7
2.421559973234149E7
1.460412297021629E7
1.7132793030112892E7
1.6324520839262174E7
1.2524686864662187E7
1.7478956030805815E7
1.4864600419091307E7
1.7118132050470613E7
1.6306835462927375E7
1.730341907937312E7
8.151975422998397E7
1.459582317699765E7
1.9341532011728305E7
1.4822047204300622E7
2.162045686022436E7
1.3241685862547955E7
2.30204955133151E7
1.7116829437271964E7
1.4703617432368577E7
1.4352797606759703E7
1.6537541456281647E7
1.6862334329079967E7
1.6718448753868874E7
1.744451364274837E7
2.1670005047517736E7
1.4521561874906382E7
2.6650542665304158E7
2.172537514572822E7
5.363115725982437E7
2.785760066939424E7
2.5533066576621942E7
1.4011101139682546E7
1.620053586185769E7
3.438254805677349E7
1.8056988510719888E7
1.5730666486649413E7
1.2789015804570455E7
1.3918203145328304E7
1.2085825070167156E7
1.2223337459148604E7
1.4859411580677722E7
2.1458342698115647E7
3.522553834808143E7
3.150741258455137E7
1.4387020915241111E7
1.4589878856943319E7
1.4176419023317635E7
2.7753156830161E7
8.443965371696427E7
2.521297675786339E7
2.104576513615845E7
1.6697247993964082E7
1.902378300813805E7
1.3140517478660803E7
1.1675812336461475E7
9049745.231095847
9769851.142166207
1.6460379808688642E7
1.3868040430338928E7
3.3475004479704846E7
3.616930563079875E7
1.5306574843237646E7
8288199.128512133
1.3024099509173097E7
1.3301355199509894E7
9511064.361254618
7.981297487453194E7
1.4424830260056214E7
1.2666336689780021E7
1.7184480699165296E7
4.794913231791523E7
2.909422196335137E7
2.857299691532156E7
1.8254297826509237E7
2.80426172172926E7
5.7344230691192314E7
9.94305277342315E7
2.822102470615456E7
3.633860093355681E7
2.938926510089263E7
3.0984346039110415E7
2.1012447342109594E7
1.767163327900956E7
2.1299016488362607E7
1.9717899183899183E7
8.341991395061228E7
2.018521540603446E7
1.537007348980474E7
1.8061162503085244E7
5.5160562871621095E7
6.126651266293018E8
2.955660298282021E8
4.052619327687923E7
2.8278872958810765E7
1.2855104955053894E8
1.62428373181469E8
1.867920088051107E7
8.85660536760497E7
1.6075446150429774E7
1.4789209486750908E7
1.342787951935387E7
1.066357061491501E7
2.269262506153897E7
4.891147767082401E7
4.843266934110841E7
2.425809917618843E7
1.935394738347346E7
1.4384240641218184E7
1.3629421428966623E7
1.5059810486187708E7
2.6402649358928327E7
1.9169911039882425E7
2.102851046985089E7
2.144540838922561E7
2.8989805350221764E7
2.1208863652998168E7
3.677796823643364E7
2.7904882251739025E7
3.869071976790594E7
4.073632382243027E7
1.6471914115112098E7
3.363480572120518E7
6.416239536531375E7
1.4851349733544216E7
8.246261452037896E7
4.33917434742213E7
4.065309953851689E7
4.449122538403134E7
3.58128746293205E7
1.741312684453017E8
3.27778433169112E7
2.0591545652562924E7
2.1930998095638987E7
3.5324038641800895E7
3.0307387772394422E7
8.447803757094267E7
7676324.298203809
2.858402178608736E7
4.838911959748945E7
4.212170956256015E8
2.001949819828508E7
3.3507048926164087E7
1.2180970720888386E7
3.1923885100237906E7
2.7382996292351287E7
6678679.417639527
7069257.157191183
7897083.7997415
8424329.426019
1.1375250062548144E7
8869088.545912763
1.8643344350443467E7
1.5693150319079455E7
1.0029408835745241E8
1.934764614572756E7
2.236037475235855E9
2.3095526509984713E7
1.7782461316720513E8
1.5026771367364718E7
2.0480942803855427E7
3.7833919304675244E7
7.32934828769362E8
1.354653972748775E8
3.6863171719166405E7
3.0945560295664746E7
4.608952976370486E7
2.9107561509626757E7
1.7259984887011677E7
6.828819120469871E7
2.934224599887778E8
6.742741017331645E7
4.652360706943484E7
5.033749181806485E7
4.772260496839225E7
1.723728492760994E8
5.449858290863928E7
9.798614500194192E7
1.6139980861010801E7
1.6331177692384606E7
4.8515335499244355E7
5.222659576516392E7
1.1590504553047852E8
2.0078917194258012E7
1.3691050916644502E7
1.6179810097598335E7
2.072089948931658E7
4.278360400121616E7
6.617539690595367E7
5.436143192627946E7
9.967060978071876E7
1.1189753808502616E8
1.0406395503862922E8
5.234917682842013E7
4.6643589812488325E7
2.9548773250616692E7
4.285266700871981E7
9.75210971558136E7
3.8761263734740235E7
4.865278662661825E7
4.259833321803395E8
1.799944411950907E7
1.8068007555266142E7
1.1525170665678246E7
1.1482758277162379E7
1.3966785799938232E7
2.8882300311145816E7
2.6701032941309355E7
2.5282214739364877E7
5.356616973332491E7
8.651497350283468E7
2.03027351208673E8
2.7142423624742135E7
1.2295292027880833E7
2.8063417011705164E7
3.8283352507665716E7
2.8573929648796998E7
9.405184127657352E7
1.9110619361555927E7
2.013135908539715E7
3.0503905751148116E7
2.2652435171715796E7
1.4144605626306504E7
2.0550491724520687E7
1.324391663235002E7
5.1627119507643744E7
3.326715573784144E7
1.4161770144015338E7
4.967570359796957E7
1.7588318787345562E7
2.9101548193734996E7
2.631505400672926E7
9.84081953820395E7
7579172.542033221
1.314650677613781E7
1.2991802442750353E7
8491281.355200136
8136524.426184834
8629197.458680628
1.0178634209768182E7
8.217571839842702E7
1.4471873366476193E7
1.1962844595075134E7
1.4871894956522563E7
2.272814753269398E7
1.4122018657084616E7
1.4038125567599935E7
1.2486783751467397E7
8.034010673114341E7
1.057283070337598E7
8605609.735067908
8934353.040479023
9625318.323568549
9601874.782551996
1.2567604014796112E7
2.336989846935914E7
4.513933687236271E7
2.923235528746832E7
7.676490000600506E7
1.108587061727577E8
1.913349502728487E7
1.2026880297017794E7
8554912.098937688
1.3701428116729368E7
7087973.602561345
7434678.135395265
8279073.983414585
3.207840842045574E7
5.522737396470804E7
2.199309690396573E7
2.0139389098044783E7
1.8562730464191332E7
8793225.788898319
6138913.392273127
9743438.157133209
1.0229818927381322E7
2.5745764305838585E7
1.8330584664001383E7
1.4399443531573368E7
4.0968446394295074E7
2.1253443789354455E7
1.450911178285167E7
1.5620736982030785E7
5.19287011600969E7
1.765456911366445E8
2.982526455052706E8
3.486726169919779E7
1.0183416438360253E8
2.5555370191115364E7
3.691071556748446E7
8.048172821635121E7
4.7978964371202536E7
3.35743653874068E8
9.065046276058829E7
3.147365608802142E8
2.913948379867827E8
2.5544528791779894E8
2.211169171674112E9
4.1130723911423033E8
1.317348743582812E8
2.6534474424367738E8
3.86825685473017E7
3.9082920276219314E8
6.008929489211329E8
4.86840116050933E7
5.749774314915423E8
1.2806628898654218E9
6.0929878656575166E7
1.4588873784781036E8
2.324133512334681E7
3.077621459932724E8
1.3931959568121466E8
1.756090600205115E7
1.4870420431022499E7
6.53642556582231E7
2.5584778420451105E7
8.116184902786657E7
8.833677924311443E7
9.102281916808088E7
2.170937767393601E7
4.8400810546661206E7
2.979001677923707E8
1.9298308009677637E8
1.7737334108902752E7
4.15291500727352E8
4.320811020186482E7
3.6773092556967884E7
5.660047885510811E7
2.7610019552994113E7
4.855800168541331E7
1.2691665607490812E8
9.528022032768473E7
7.361587313668187E7
2.8430176067063805E7
3.0875198120823264E8
7.982619720069608E7
2.1899628244566184E8
3.63834204145604E7
1.1254103089981528E8
1.3499206879812809E7
1.4985689071341641E7
3.0394628381435715E7
9412640.453890735
1.0210147579268217E7
4.786470910514611E7
9364413.995746385
2.1068086998673E7
1.9206564397215378E7
4.023265339226009E7
1.875397048071277E7
1.888778730449385E7
3.103834887866717E7
2.886856564005486E8
6.248170445314353E7
4.310171841965544E9
2.6352866976183448E7
1.8031305533304792E7
5.569612160780135E7
2.183447467460978E7
1.9248581585596055E7
4.8546785367700666E7
2.1662359217292514E7
2.699482195415364E7
5.8041134441701554E7
1.8332528630789686E7
1.895837507776021E7
1.661950780695817E8
1.6629614808845893E8
3.8529150018682346E7
3.3077261874007297E8
1.3172467297300673E8
3.250791672707568E7
3.714084481459461E8
9.352260738486451E7
2.5833147228448417E7
1.5777329201759195E8
9.739432027543582E7
1.1942571881003337E9
2.1796565247575703E8
1.1259145677464526E9
1.1262532891595109E9
2.0969138089434564E7
1.0056314839235233E8
2.1694836028125495E7
3.482935312469676E7
2.2317663468642257E7
1.8411861455556187E8
2.186883848348082E7
5.9448789801253386E7
2.561104553295958E7
3.362024424960085E7
6.6357360639759324E7
2.8140312731768023E7
2.5664274230044335E7
2.7597561527933642E7
1.4718650634601098E7
1.1060503014447393E7
1.8093706096604515E7
1.2633308159441212E7
1.1955931524991216E7
1.3971086415620236E7
1.4648621046701863E7
1.4915955122135606E7
1.8379211977833413E7
1.748105435658168E7
5.62498033438747E8
4.677335170894649E7
1.8515193125770453E7
2.2211043706320263E7
1.75833733979021E7
1.774993779868299E7
6.108104328161313E7
2.9312848083548504E8
1.0037577787103066E7
8501113.492906246
9599324.10912934
1.723141765957183E7
1.0582245540541986E7
1.5078086763317166E7
1.3049630684760297E7
1.14260541902374E7
1.7737054723200127E7
1.6749627716706468E7
1.964956442240327E7
1.2395014311184531E7
1.2831277729859058E7
1.0999426394833628E7
2.8014839422178276E7
1.4163143761071254E7
2.3993693088514052E7
1.4052137298587596E7
1.1463898985245112E7
1.9443706281528E7
1.9326807396615796E7
2.8530457345551457E7
1.569004450621788E7
1.6536200194300214E7
1.6417180090460556E7
1.694895305021938E7
2.617313780201297E7
2.090991492712959E7
8.345750486216871E7
4.2220287402119225E8
1.2358537401037326E7
4.0696035001583144E7
2.613111498842045E7
1.208389779078688E7
1.79612883699257E7
2.2370469356632635E7
1.2051891039162792E7
1.4360518765465347E7
1.5520563926765472E8
2.511265047294463E7
8310028.782728225
1.0211702133335264E7
1.0124769289394625E7
1.3107044173125776E7
1.623035238307862E8
4.921408302149227E7
1.0560869154153997E7
2.971481369651543E7
9.178371180289154E7
5.530323145570418E7
6.913867934918933E8
8.503252258438085E7
7.770801366346757E7
6.1791441995239854E7
2.7165625809825473E7
3.656903999732942E7
4.4241612788372405E7
4.265648213208524E7
1.3782461884067443E8
1.5795443500795597E8
2.1296353884542334E8
1.6457294370058212E9
5.327686888840462E7
5.531840479903705E7
1.6785688927021745E8
1.684196260464791E8
7.890773223818444E7
2.167314507631193E7
2.7794236052689105E7
5.232114630784862E8
2.0534200544538707E8
2.716498910257682E7
6.921846753176041E7
3.410955422611262E7
1.4338108626643746E9
2.9628540916496523E7
2.764184120808312E7
1.487109215549478E7
9.319135238684604E7
1.760361381520838E7
3.267930942359725E7
4.5978982055977434E7
3.240521464456991E7
2.9435559835230757E7
2.8759586329402592E7
3.029351872875995E8
2.586502874495691E7
4.668053044529324E7
1.887348326971063E7
2.801427680945522E7
6.364980229971679E7
2.030307815850271E7
5.24960548315159E7
9.287848236389571E7
1.0513032435908008E7
4.2453004044602156E7
4.004681091728715E7
1.866478097474377E7
5.8430701212601006E7
9.397929170133965E7
5.213053271248227E7
3.495513041548052E7
1.751962343209311E7
3.0628441211485397E7
2.1378421212896675E7
7.884526525733222E7
5.693523978534412E7
5.5662213268649906E7
1.0047400579159291E7
4.7586550688562565E7
1.6351256370345725E7
1.463093032939995E7
2.08385956651443E7
1.6942495982541844E7
6.267849654955628E7
3.3367502907438654E7
5.037590826935708E7
9.516677797972164E7
4.173956253146172E7
1.0079022185075152E8
6.906632234927881E7
1.0860091821933186E8
1.748883098432272E8
1.0211773475228944E8
6.29472835755911E7
1.2911342216252446E8
1.5049101425427523E8
4.6143431182062733E8
7.25675368764639E8
7.25644638527086E7
1.890839312167144E8
1.2937935121851368E8
3.6323362141263473E8
3.4190118951769865E8
2.943467569602612E8
8.631130449839117E7
5.397496514200252E7
6.837268352004512E7
6.41589534233431E8
3.141222997502655E7
2.993624410309115E7
2.7924562783049382E7
2.1554033832526438E7
2.3797732532014214E7
2.9850619851043772E7
2.0400784318515003E7
1.5713362165790308E8
3.1555770670355797E7
1.557918606975283E7
3.2697559813458916E7
1.8575962647425685E7
1.867742280719729E7
4.9620066091836594E7
9.163503649081004E7
2.6870711550762344E7
1.0360037586372923E7
1.2851594908947336E7
1.1750691607282469E7
1.1218918041486222E7
1.6770268112853728E7
9931545.666331176
1.8965071892587125E7
3.8001918023883015E7
1.990784604517101E7
1.0953915423280904E7
1.7631945395492565E7
1.8995731691647694E7
8.08808111808407E7
6.98508030056051E7
8194490.571770945
7789540.353852813
7.585346735430193E7
2.912448140779846E8
3.056642790110263E8
4.688886831267835E7
1.7335171055767883E7
1.0033524211734064E7
1.4267461218753602E7
1.2444886391976362E7
1.2824192323637772E8
2.410545533256798E7
2.5344948431793988E7
3.0747860113571145E7
3.656533563485812E7
7.82081616857954E7
1.86365261335973E7
4.1505196675766885E7
2.4353576394379843E7
1.8431878668991342E7
4.170428244519567E7
2.320912898487367E7
2.3451200329533942E7
1.606556395097465E7
3.1036481791781902E7
2.0499998670110498E7
2.825526615226672E7
1.8424012332126945E7
3.373499054131741E7
1.7287887957907427E7
1.5752978874596661E7
1.774035987515036E7
1.2512152689631099E7
1.1811904129197333E7
1.527495627155573E7
1.731932933034132E7
1.3257117473401407E7
1.1787008941919867E7
1.3649212498686902E7
9.572254991202174E7
2.293225233299816E7
5.980135878229609E7
6.522724017113642E7
2.7741328541992594E7
3.157917400874509E7
2.2518894124227203E7
1.5705449717867848E7
2.406539511386878E7
1.942510449251152E7
2.7917293159487303E7
2.550040515017637E7
2.9136803022631567E7
1.983629519794411E7
2.376751428624117E7
1.5714914275498856E7
1.916966782686063E7
1.626017254782601E7
1.683713750768785E7
1.924568547311016E7
1.0605958731995311E8
3.868449372555486E7
2.9137037031315744E7
2.312621220579034E7
5.905896222151774E7
2.1055104272098195E7
2.8359787132102937E8
3.0221095973751485E7
5.7573707089987844E7
2.3624146353860226E7
1.5611741439543866E7
2.9234528928974175E8
3.4817342315001495E7
1.2344817934555413E7
2.7577963843715105E7
1.9275733773418326E7
2.0226103345383476E7
1.929868946670246E7
1.4710358712482834E7
1.7073851060640708E7
1.2214010032569181E7
1.445028399346539E7
2.6505934110322036E7
1.9755681328890502E7
2.1301396835898004E7
2.469722898292122E7
1.8060006558775738E7
1.467326085798951E7
1.500093041170319E7
1.5641473354545966E8
4.007576075452495E7
8.667113651998472E9
2.100546210510696E7
3.545751918715253E7
2.016021784911739E7
2.221306143870485E7
1.4226835847801493E7
1.0710047133005997E7
1.0372645807616206E7
1.0098514876048965E7
9970051.794819519
9744188.888948262
1.2499299611294784E7
2.14331432958576E7
1.251937113720771E7
2.1535799369969662E7
1.471782825448059E7
1.6896218635881934E7
1.8546774507264145E7
8.34106251875916E7
4.177301344423138E7
8.447396803062062E7
2.1998148613339044E7
1.487644380280961E7
1.566776306714558E7
2.0022482489502512E7
2.8444227258706227E7
1.5496883841440445E7
1.5185763991583006E7
1.6962859663829584E7
1.7448773973346353E7
1.2415279611966254E7
1.5097939414077789E7
1.3795844663672715E7
1.3198946629695252E7
1.3727275345438432E7
1.5477252232410483E7
1.5957214546994941E7
1.8826832508698303E7
2.936906453786414E8
3.0539068101610714E8
1.7791887638687924E7
2.028395899127981E7
2.2254252766101908E7
1.9854175832836766E7
2.38589296369392E7
1.8331938911669362E7
1.798746037758058E7
2.5855016639421526E7
6.604451710682172E7
2.1136158759705476E7
1.3530319290586807E7
1.9652767826446675E7
1.6045891570629776E7
1.1877416466313498E7
1.9315858257523317E7
1.8926142725991435E7
2.1421646657769527E7
2.095744261854318E7
6.897215030504443E7
1.7361511031623393E8
3.553350411242702E7
1.0244221297171001E8
6.056003297996293E7
3.299987837057345E8
9.806224739423521E7
3.1822612891054627E7
5.645694329307814E7
4.600070692137726E7
4.1456831243442506E7
1.1692949968922694E8
6.176475447469571E7
8.803206550431938E7
1.440527195855025E8
9.176246003050135E7
1.3811497855052546E7
2.1809017278016716E7
3.286599630028621E7
1.4907850590132904E8
2.858388782743197E8
1.9147952865077775E7
2.1846368441431124E7
4.155191992001285E7
1.8981614017635692E7
2.3841691085701868E7
2.5366225125568595E7
4.476330070323455E7
3.903867673208788E7
4.192435055977006E7
6.558681817729695E7
1.1032827349603913E9
2.2273305205570273E7
2.3573098480903175E7
1.5525037263018994E7
1.609701430925303E8
5.3336225747095644E7
3.570590686081218E7
1.2017248635903083E8
7.331234936655025E7
1.3563346101648617E8
2.8326428997145176E8
6.5472467349300645E7
6.916262216468436E7
7.241513474850665E7
4.993763853048852E7
1.4172566421192166E8
2.2617619260772395E8
2.9721122736635048E7
6.246390941426535E7
2.1105535584209498E7
2.3722285545708217E7
2.5757281609681595E7
5.096150793647676E7
5.614038554034966E7
2.91972043411084E8
2.101017376255962E7
1.1685070526677817E7
9635922.647981105
1.2818425297132958E7
4.537030700919281E7
1.2114099727340875E7
8321564.116725392
8798401.168154256
1.0334200373210402E7
9238699.826305063
1.0310540145674184E8
6.804755275709474E7
3.556514386281967E7
4.9819220165382825E7
3.793510822159598E7
2.6110634506839532E7
4.9485607192383766E7
3.2839608774363287E7
6.6803879740918495E7
3.963909584606343E7
1.1372541191091487E8
3.854529415942174E7
2.3670700331538096E7
4.0575839021824375E7
3.898532192268348E7
7.88164617893732E7
4.408194579245683E7
8.427656949838284E7
1.0223046473296395E7
9050019.719623256
2.772866058842362E7
2.5309264810996957E7
2.7814825089929152E7
1.610527029884387E7
1.6023562088700144E7
1.2134524633376362E7
1.963653789494505E7
