221.58777392198857
251.71587352252274
299.80415672841315
341.0712116331768
368.6785653825599
387.5413452525563
386.83237851292813
413.0225139088289
453.67608803988935
453.3436212293749
424.83752077163206
444.22901413291083
438.77899664466725
457.378050299696
476.5279163086654
478.90681704051406
487.52697611236147
488.8309503001552
478.98538428792375
493.6805350997374
498.7675650971653
499.40274778424504
481.89807500272167
506.6280123404314
491.0767186779391
504.83238354594647
501.6813917574579
499.48878990941256
498.1931800249618
508.44834756689033
494.588363770918
521.1168957850269
519.5974652004604
544.4876121937417
520.7580463042591
515.6898531217836
526.698262162018
520.4756364266264
519.7442813887967
537.1228339996483
523.8835668031355
520.5970558949889
507.82462882711576
515.5770757499843
528.2125679419645
567.7151627884316
517.0458109504425
524.2570543381717
545.1020060565753
560.0954279303794
534.8097058970428
556.3580737631306
553.6880913109212
553.7735449093589
583.2121588215474
595.4185200911296
559.2367362866261
574.5823664112468
609.895464379863
588.4912877671543
614.1922901234783
614.0910148369253
608.4230301476995
596.4725520352165
604.6822463698325
605.6441441274067
598.6160954471118
607.8874661555402
617.5166536538605
632.5545333188026
622.2217492132067
622.2365344045712
644.0284933028202
620.4823463060658
632.4918635472582
649.3569250113068
682.7036215363454
693.6971281908511
677.0989405666423
685.6393261581344
694.083185867257
690.1916650145798
706.7829338487226
703.3870476328326
684.4782495362474
750.0116361498434
760.5164411885545
719.4566172087473
728.1190539484365
753.6596237263147
748.7034658951623
763.9123401251215
757.7255375423392
756.9631274325621
756.877509401914
787.1562943822163
771.1437602363222
748.8166335713038
794.6061950132528
789.4149809109228
825.761489809013
755.6995689154395
799.0655575927384
765.0407654186125
796.2416579257135
829.5204885337437
843.5455302265709
847.4413067399435
882.174257554478
894.4881983529398
933.2442144719262
875.8626965557974
861.0545824654538
845.7482938481086
864.6073597370225
922.31965341215
926.2665903746087
957.3412062521562
936.0231866582465
888.2954567928625
862.2978541644728
912.823510494718
918.8234007733322
869.774521968456
924.2545558341081
986.582570697426
957.604564602772
877.8080201323138
913.4542664689194
900.2952132771709
945.143651777627
950.419069711998
905.6974080180071
929.2850991867722
942.5203630842693
966.4411417834768
981.6178084893485
1013.1069828396231
971.779488043781
948.8946610440601
914.5781234062368
1005.6946968394003
957.4812309759137
991.7678292791336
986.5215549816784
975.9370258781892
954.3599315757
1009.7146533607666
1051.5254578775518
1006.3162588142847
1001.742205870446
987.5517777849384
1042.1242082086878
1009.2137067794824
1039.133763926574
997.8925351972024
1021.5014694267862
1015.3239222705084
1002.2762790552689
1030.7151798042014
976.0512860952571
1072.211841807158
1003.3032875681803
1070.9469755182731
1047.7157067822561
1094.7895122705959
1089.9268508210132
1073.7233225953262
1053.5463558460085
1072.9105944208325
1110.683698387061
1057.9107719190404
1109.848917981696
1167.5886183899615
1144.3485701024865
1146.5249862352277
1155.9847228357496
1113.6863903279047
1174.7672856308905
1082.0589416426697
1096.061550847471
1150.6612987478659
1174.5807137175746
1133.9225925727287
1128.6698935025045
1181.5158563722389
1152.174334513357
1189.922437342018
1238.9302210100395
1293.4787224519778
1273.220920576547
1204.3973314545835
1307.330944029587
1290.3428244426725
1231.3663634894158
1249.066284939518
1289.1856209980685
1258.721485693577
1304.4619360666131
1217.2757851768301
1203.3316008057734
1280.1226941035113
1245.6179236925884
1267.9988113080922
1180.1422464011825
1273.295951217741
1243.5949139204452
1264.3030273172726
1173.860592249258
1212.504136008529
1223.0433720316953
1161.139584658719
1150.9445609437494
1193.391307363558
1222.2124211464388
1197.7197455554735
1259.6014095750713
1227.7763508084433
1199.3039229583865
1199.7402733024558
1213.1708996332957
1269.0533895683989
1256.5606705396456
1248.4923748344227
1306.6646275547482
1292.7400854203784
1328.9855168055121
1324.5489397963756
1318.329302036171
1281.9735751993023
1279.4964750357249
1334.0716599536413
1244.0048457641608
1299.6592337114987
1278.1586253615642
1268.818033284826
1378.5619194291385
1276.940225188698
1313.859345830064
1391.2457678323092
1264.210493546343
1372.90261593599
1324.5421267009142
1318.8437163918534
1363.4889238586381
1301.543023374094
1324.6104802511102
1338.9710618733004
1303.8727403944783
1219.695850601998
1261.725270528277
1339.322127649771
1306.6433200563433
1278.2221876811493
1241.139222094941
1321.0028707075955
1235.2109789698443
1290.36972368343
1350.0148316495347
1279.6778771127842
1302.2577294430764
1278.6939403931124
1237.519044085918
1280.3180013137605
1275.136776604371
1346.3043382892943
1319.0824337616807
1346.1570629655698
1352.6086153627464
1340.8962288667633
1385.5248734536935
1423.9253024211453
1421.0363055957637
1437.126174567215
1393.5012002253395
1413.071918205764
1380.305550597567
1405.8066689369532
1437.25806636088
1469.8973493177798
1472.2565257218746
1507.1089580220485
1401.2608130556973
1479.4319157171522
1537.5349439290828
1472.9655459454414
1411.5834372226104
1527.8959769883188
1509.2807602655234
1588.2375835057155
1504.990656807206
1587.174393312328
1574.3090790355552
1614.5889692897815
1666.6409323425976
1604.131966581164
1645.9097742608924
1667.7839701668963
1604.1067492573839
1646.361079467751
1692.471125189416
1619.0399489346225
1684.7864451308849
1725.6262267153638
1701.4108942586065
1647.790210598132
1680.2923213831918
1609.7665790774258
1665.6415127619928
1600.2042704768892
1618.2993257514227
1613.513519193378
1624.6521795362974
1638.6205425851974
1567.1112717034714
1587.334681163774
1588.2986361312228
1597.0785950585844
1781.3018731577706
1594.1711361053515
1598.895785786956
1687.1272685061062
1645.5231272064523
1606.9346924401693
1650.6342110244154
1683.7007156992436
1537.9417875366457
1559.931752786771
1659.9352448923134
1642.170999778054
1628.2249827715398
1684.9491239704384
1615.2358063407662
1626.7410943722982
1616.790592522983
1669.9436212082076
1637.3390383590747
1553.2997760638934
1647.7073104576648
1610.0204303931755
1573.4407805988642
1652.0490145601664
1556.385861043062
1658.9677732349085
1674.3386438584573
1538.104969618659
1619.903903424385
1580.7150378245137
1611.1224931387494
1570.8277048707403
1532.2787232006726
1546.7850540286129
1532.3412126178262
1553.0308945402164
1501.6542521014399
1593.83657368208
1529.1408289999624
1631.41216667713
1574.5978275541793
1651.94649405522
1606.1897439634563
1592.0523894375847
1641.5833162010617
1639.2577358741762
1571.5903368092193
1532.7133384907238
1688.2137621470404
1551.644441207071
1635.847411874491
1621.0092414415392
1667.8086445966733
1578.3717425330972
1632.464641834093
1599.830013164667
1498.6108431444538
1583.587034364877
1619.7438882987476
1546.7065329637162
1519.1558979564486
1644.8433320720803
1551.107472747835
1591.1467683725919
1574.2107623681763
1511.4973242585488
1469.1615751260867
1524.3638714334052
1567.2748831732636
1532.4081144585705
1519.679907433354
1554.0102458525225
1554.4940261471572
1553.347119913306
1567.5347853168087
1582.9037831034582
1517.4488618299272
1524.800056479848
1554.1630849776639
1547.6840344280781
1541.6414464828622
1496.2565096170226
1571.428213382842
1558.440510508352
1529.1624816320425
1499.742359548026
1565.2947305539253
1592.7524830331467
1494.9436410357225
1622.9169321298637
1616.3895975007053
1537.5906148327779
1559.9827558487643
1532.905208861016
1514.9723363883184
1548.0837306202416
1545.5913032402477
1512.5010890913343
1507.8183913228615
1563.9349393144066
1577.3262617687908
1552.240450522943
1611.0181566354663
1513.0173460920037
1596.961027797859
1463.9868333845684
1480.309369643363
1587.5605425441481
1598.0069874907665
1572.1074129442413
1618.1841426413384
1610.8639652470415
1531.6649301224525
1534.7903324248
1577.3549747530935
1659.0264511099913
1609.0276077546334
1522.5798306598463
1574.4557167970058
1522.4847762150634
1621.0174815142095
1506.129790948008
1487.665008251115
1646.7328153086792
1651.9607012406943
1656.1008095980196
1630.937029462226
1700.6387198752666
1686.0535797110795
1660.5445235366788
1646.778469613681
1602.0079269258679
1600.7361986949384
1743.1840626609087
1686.9184257960108
1606.0894185501948
1658.6440762299878
1667.836066676801
1712.4765030952683
1687.9259059425497
1721.7090885788575
1701.024695723466
1652.081857309202
1617.7502377497833
1671.1537870407535
1678.6352768457728
1630.3570788353752
1607.7487014170288
1630.4999481103453
1686.8968744356362
1666.6015161498763
1736.438130829068
1631.2628303348536
1690.5743238909981
1742.6633823676516
1614.07205922213
1743.8779391377843
1704.4008110913953
1572.1917407998178
1699.8092801230746
1639.7566350127356
1714.651715446312
1710.544773632814
1714.6371972063653
1641.6085174560835
1691.6411891928647
1686.9169580255027
1663.4115773123294
1564.637802835291
1702.1580656694052
1635.396078975437
1708.7567654702177
1634.920488631331
1647.183206199583
1681.2686499084464
1690.2158254437957
1781.9794177038052
1648.0868265076915
1590.9061397307125
1682.3714906584814
1656.2171623443517
1593.4314252496217
1592.0701695901525
1671.3102211749265
1641.5144863425644
1707.7536924362958
1618.858509840794
1689.0811561519613
1693.9250331775086
1629.0925070435321
1659.6748979966935
1635.564153313098
1612.5876800124122
1645.2174589148763
1585.106821587384
1766.5952698111378
1696.0637896933213
1637.2178163235385
1695.4723320373837
1697.5249511899424
1707.48040252377
1641.0604528394426
1660.1768220589815
1684.2127643544534
1653.2195393696363
1648.9626699648957
1712.3631112378605
1604.4492266058421
1650.7724873356387
1704.040544127047
1642.1910867220367
1687.4423926119625
1657.3398786259932
1703.8631018781498
1665.2045997959383
1715.0215167863685
1709.9675644433548
1633.5946905649425
1676.279285675951
1623.3140635759873
1627.1745787225116
1585.7281890367124
1517.81154070692
1557.7539970419964
1546.1599891280682
1591.9415973974571
1626.210704197745
1611.3455597481757
1629.412110793338
1657.6725562756958
1649.3129568273853
1664.1937873462484
1769.529643168585
1725.8259401690195
1778.4153169861138
1825.5724827605716
1792.0254012500475
1795.477092917868
1766.524482193261
1734.180504568206
1805.4611517646479
1707.0921463292589
1720.8860893645076
1664.669069813901
1705.6988046990843
1782.8674048507542
1758.2964277886135
1696.4724289768037
1750.3529575255773
1686.0657659708386
1721.617951959794
1803.0866223656174
1824.0445381372838
1802.8898774177069
1734.449312610031
1762.1937044629342
1704.7082617155636
1835.3636339145137
1920.8854923756858
1896.3102161537752
1812.3197248592483
1898.5695106033415
1780.0447097530978
1732.475369798139
1694.9693279242329
1787.9303648949478
1812.8430285762063
1756.442195379001
1665.5287151747957
1651.5067966846343
1637.1993712476358
1715.3901610181479
1711.748937476268
1683.7080963637097
1705.2943517987155
1703.885101826256
1701.3700728598305
1631.8507093121611
1767.021961580559
1815.8169442981637
1719.355484826803
1665.5412653688477
1725.1225890399314
1686.0646719509248
1816.2599712176489
1888.6330042488173
1708.8781044753043
1751.5256599089823
1790.5987291389406
1830.4618756946743
1746.1082284212732
1751.8071767218034
1665.2305233332502
1778.520104307165
1862.4421871121258
1796.1175117551286
1840.4399083345772
1927.8112213283532
1888.2624047208114
1892.075926596128
2064.1162987977955
1992.8277575773268
1879.5814530610537
1959.0103154331177
1979.6358557591
1981.5802832395846
2021.3311339878162
2013.484756371039
2119.076178161989
2018.3809127934499
1918.0471687239499
1930.786769251603
1888.8647882879507
1868.5771714495631
1812.110062202212
1959.6792020393418
1941.5612717689094
1949.0676861587772
1951.9639127213877
2002.0662623698506
1948.1476038505314
2001.8325784730523
2042.2904864506493
2064.5714544294588
1993.532252849367
2014.5341363021425
1955.3052505579906
2091.4906432365883
2087.4663077080763
1841.5740578394737
2062.370839991991
2034.421807939508
2023.369946576116
1960.7591987028875
2004.9591382092115
1963.0962956545106
2118.9162486991913
2136.328175416436
2041.8926771336287
2140.234573584919
2135.8604421630844
2071.245972767779
2102.963460228502
2170.4018906571614
2058.32763845362
2171.5790423675503
2098.7387399059285
2137.270359707462
2054.1502921436268
2022.1015658216859
1977.29717440109
2080.8036329106176
2090.4384643574444
2076.2217227004253
2180.5643144704395
2172.8244166440654
2169.1617401311532
2101.454577366769
2076.1486735460912
2137.390623433683
2155.8771592150824
2140.2280715133224
2113.1766348739197
2056.461415048533
1885.6621195791033
2065.1837095415826
2026.6239799693258
2124.581082834493
2029.0625577183005
2056.0242444905107
2164.1322287878716
1972.1746931211735
1993.737588447855
2108.203855666961
2058.8856009899387
2172.799505255025
2006.9172360496461
2121.2408206583123
2154.373324167664
2021.268812166337
2086.644014590412
2089.345869338516
2208.2619498874874
2031.424069159654
2092.4263578229366
1962.2139379674531
1944.6587695804662
1933.0234217288569
1995.855472093894
2030.188205665929
1978.8213931205003
2009.2722856415241
2051.172816064794
2028.8885167531178
1873.9630662830564
2096.5756903771858
2061.886596274244
2011.656551770254
1905.5222044729555
1916.6081769661043
1995.2124470149392
1859.5527087647727
1934.4569913786513
1969.8277002268476
1989.8790830011726
2016.8834291941525
2077.3529305775237
1994.9361576080942
2153.319631329078
2118.527712589382
2004.0281084190624
2114.2803611427826
2171.7669538099994
2115.1356698030463
2107.1687302303185
2153.677774348519
2076.8339960208773
2117.2602537912344
2044.2845224041137
2102.6947092367864
2041.2333127483078
2050.7112129619377
2192.89854059132
2122.7927216868693
2179.364657959895
2128.520135090511
2206.7226076994534
2181.513247299886
2070.953660482329
2244.2730251783764
2161.711661672708
2190.562731544757
2093.305999370365
2055.312576355834
2162.9186484248935
2110.28005791876
2084.8950141904825
2180.8431529797185
2366.8762530785493
2158.8413365738584
2251.411968124812
2335.2613999111077
2232.4314437718776
2376.7960523654815
2350.7744067803987
2146.6780451183836
2199.436956991173
2351.949686806099
2334.06967181661
2329.5770176348246
2284.8946247612835
2406.254736611554
2244.331092702
2273.310213637242
2388.7208842768737
2352.843887289251
2300.606134583374
2251.13318066204
2274.542097646305
2373.598140427395
2504.886048332956
2440.4500285264007
2298.5197424309777
2230.6653172456877
2367.0797970532717
2220.142226230718
2262.068725219772
2384.5017704744287
2244.6218727736623
2259.783935974611
2317.5338833242035
2183.8229190771644
2280.9701572046165
2294.7960332110024
2365.0500009186
2361.73127807254
2413.275292032203
2506.41908083735
2425.542167854322
2406.203637471869
2599.820740224454
2558.551002714962
2473.376139621534
2504.4732155323873
2545.353861376248
2267.2239889024304
2439.3394748811447
2614.2867842462542
2494.830231815341
2549.9095735447386
2626.4649281405173
2648.9114987804414
2464.4503489000185
2509.018501781071
2501.3990490675533
2576.762522272017
2435.721371525408
2704.4378328947146
2644.848667272202
2630.472274388972
2549.7377481514895
2846.9430427354073
2909.862084154647
2637.643211348146
2561.9543517699394
2705.1084998854435
2641.623901503796
2628.4182873680047
2832.938096631201
2823.396699183898
2780.5120718477488
2689.3436347527954
2694.393662904309
2705.4399476637186
2759.640081464302
2543.8500344933427
2705.8834836333726
2691.0323423761456
2581.5726202821734
2412.8833567475767
2572.0754258202574
2578.623782592733
2492.1757025972074
2642.4253853814266
2674.6393936067243
2588.1578512425335
2769.1972168107836
2702.705533817395
2544.1316487310755
2586.0941845122406
2763.7606556599603
2695.974715226818
2844.2391195834184
2665.656776754482
2658.789607311581
2576.603843018935
2786.440886202688
2702.837701132891
2587.795073241169
2630.276430280461
2616.651634642688
2632.633048345265
2754.7273857678074
2799.619765266229
2734.0685671519964
3122.2101404987484
2803.1926179186567
2890.5183785460436
2804.6955843880155
2904.6503720554865
3039.6633733906897
2858.5073262642622
2884.619485646476
2726.248624278673
4965.487061531995
2869.232395181818
2680.3158480607362
2950.128899758381
2805.0894575488164
2894.176494684747
2864.891790622418
2733.5112528686946
2619.3849101662045
11903.023692420395
2290.1095328010238
3862.437489176394
3062.355862792255
2613.6951446644584
2633.2527988292163
2550.4212529553947
2481.412948898953
2508.606163463437
2405.3320313860722
2485.390481855505
2572.9331448899898
2630.688741688243
2498.7501432900103
2718.937259613021
2695.0495089379797
2478.0110053807107
2432.6847882433467
2565.7420925749657
2595.008649828838
2428.930317777569
2502.127510509603
2826.3940339938736
2418.2303636847514
2428.2216429423693
2442.881327633076
2495.931706048015
2626.8571848589995
2572.6482516415135
2643.417606868999
2894.898475405731
2864.281807939367
2666.2865863394964
2653.6961948004655
2758.416536046764
2857.070222601143
3603.4006421273484
3432.8599360478033
3505.0092856172037
3399.7442986479573
3343.553102218007
4107.920144726331
3618.850512264696
3546.1620733803666
3486.8706923390273
3518.3509667257977
5493.67661858346
12774.399388086105
23811.884498917545
3746.7191757133814
3787.667068371605
6706.587007582486
5377.110515576696
3917.580868091307
5531.701326757367
3785.2727619435377
3521.1628827315612
5667.875728178736
4146.252428391234
3781.5024101568333
3534.927241063797
5464.674015782129
4211.493397999717
3824.049768935174
3643.766275565353
3357.064883647526
3166.2383438896154
3580.2530831921385
5303.602734519995
2913.9849674209504
3067.7446979972783
3211.981270875252
3493.584167880694
2958.9898572309085
4474.589675109212
2715.7100468308367
3474.565481446802
3904.184811307072
2948.088324704932
3364.603985868377
5266.143860112429
2933.7018464591356
2737.99190098855
2951.0695940858805
3373.893016033738
3610.6015750243832
2989.1832343651636
3100.0351528930814
3012.4461654218803
3052.8715352889008
2973.8419757080555
2769.8834051886643
2767.3791966616905
2692.848065085363
2766.1324453229417
3175.5591036243636
2975.215975808925
3735.7661726877723
3228.7461702414394
2878.9751291422162
2987.70118502065
3983.0187746056286
4167.141480635936
5009.140214494151
12897.879011596191
3904.447912710065
3827.8620749695338
4675.961415154122
8338.204467565149
9380.886866065006
5922.030084766908
5061.310030614371
4500.8068410322685
5866.599936239437
9027.267724599558
4148.023329842641
7124.3428209661515
8372.224901175794
12653.22438925164
4174.361793280636
4188.732185518656
3612.641523980996
3397.699136529058
3393.322658414436
4062.312634105747
3549.2595254198436
3976.2032942735045
4015.79604444426
7109.321568827871
7353.5519593037425
5327.109020935355
4422.3465923094545
4422.90984542752
4010.774161625799
4173.859747773403
4313.057687143334
3830.262298742773
3616.5983575036475
4291.978941972726
6177.492196719156
4190.38638506011
5002.999292871001
3561.9284425463993
3752.2889177980787
4682.936575959965
3928.2816018083586
3712.8311908665605
4478.04788143519
4576.313099719029
4098.053436341264
3972.684779648325
3947.7774877274237
5483.434655858646
3941.3021977505928
4056.93744078096
5205.468706110512
3976.880754026704
3611.3832471191718
3868.009856814942
3590.4139075258645
4462.89232263816
3725.0246780334805
3607.7740989326644
4240.618869902114
4602.264176063038
3593.451018040445
4110.7181157021105
5256.074061605058
3685.5459969735284
5558.311117172393
3452.890256611467
3212.149724343304
3233.5463410174957
3893.1586521434324
3692.8881362887523
3408.876996437356
3773.9827518088186
3268.0081259934627
3364.6199507597303
3434.217741105946
4384.018346012992
3075.033179666984
2996.036349802015
2909.0640645759095
3164.458830437668
3146.078274522393
3461.193101023291
3774.291814217155
3565.810826344345
3327.5382464821437
3816.2493328323944
3737.1544266810047
4196.11031011596
2806.365177337794
2981.084323626918
3209.084716672133
12150.431214327491
4054.1092231705356
9115.172031489376
5587.248939640862
3551.5814149773305
4031.35946643684
3916.086302301915
5807.44009406117
4682.498819046838
7479.909791596622
6519.97441814851
3632.234717835998
3457.145835886855
3293.2225235679402
3677.4210251985214
4274.614202032068
4429.741969544338
3548.602663649037
5779.39972468836
8608.424554051899
8355.935260672986
8759.60283955245
5350.905449697811
7511.078069621446
7305.039723009552
4879.03195873969
4440.613351209506
4589.414473229908
13186.92714005906
7880.052241550079
6393.392430643356
5568.66483606128
15286.835984113664
4748.864445968438
3042.9582569919717
5687.894275698758
4368.047202817393
3631.630457516344
3741.0746831455795
3472.649339665331
3388.180671101743
3105.7328885027287
3241.805571307675
3280.536382640498
3682.987307977041
3861.747317233444
3577.2416229734235
6179.1165508358645
7259.085771114484
5779.674025605277
7262.593944956541
9757.711556086446
8941.842002303412
6259.895411889656
3895.321231682143
11068.045545080244
7537.184321133009
5480.461333578208
12233.426050278169
5208.9323607128545
4086.985312939648
4450.015959928042
5295.252962879434
5748.101566437086
14234.991654451835
3842.5673662176405
5630.188334228454
6838.314637509051
8698.369474253983
7368.213919845736
6522.67958132635
4047.047266133933
10964.410610501225
4544.586235613815
7081.238325522602
9165.298293366675
7723.674988910125
4467.350423932372
6038.288799278518
4878.818963124673
4801.306520008657
5605.5414723040785
5154.175600181815
7826.093380530352
6605.414326087945
9190.248737561153
5171.147317201846
17266.728369670407
2668.9659893295284
3637.3123703784095
3202.985845088844
4961.4380775027785
6716.635608695941
5530.589048821422
7724.166402482126
12300.679845662147
6974.305729386892
5086.709291354538
9724.108113067945
8603.833896044021
4598.38751325192
11675.537063174657
12464.11235591897
7723.052029124381
5032.744842461865
3777.714418039408
3927.3821628374217
3364.9139139137365
4085.7011600813134
3892.8244924541664
3370.563381585998
3552.900210489279
4640.479665503796
3671.8070469661902
3406.6684104366122
3542.6492247853253
3482.3611990539944
3297.8488236600124
3183.6457236743017
2997.8838307466513
3115.3871118749944
2980.786035365908
3128.4835356172002
3276.8319685009533
3105.8787542067985
3276.908536587791
4140.28538180917
3723.95246801019
4653.593200473496
3444.9391715550296
4898.6084783420465
7029.285170222818
4273.995326048526
4616.399733965225
4863.410085183766
4032.1370602362153
4142.134876913844
4405.32892845788
3987.671008918667
4570.7508992486755
3639.948990424081
3621.2465785197787
4232.36896234695
4336.640010952244
4202.343270584247
5778.054357882886
4215.622366503156
5760.311329727838
6280.134549892983
7466.087909053843
5251.026487301001
5358.770750162276
4765.930230206528
8845.820611035295
7395.608353713819
9666.40826271739
6831.602782780815
3305.1242920994014
4633.875093629727
5587.934529049152
7967.677148793095
2394.219992056885
4199.31749331074
5244.719547285575
5758.412516003105
3970.4143092045633
4951.018369466147
4387.847469804642
3888.485679763825
3992.3610723603747
3807.9970340249415
4128.785986406044
4060.3194422004367
5110.060764631635
4841.461014628243
4343.625768071535
3720.790956618777
4391.52791886009
5254.4474229189145
6167.087754199271
6879.981719147438
13353.881923978151
8494.069630931454
6159.044867000066
5893.415413315057
4162.07939287285
4943.544048154715
4333.9046356732515
4467.541422148888
4400.000623737586
3894.25080838755
4920.271518566132
5970.177337371753
6123.868104298244
4653.24701627918
4791.668529233569
3821.2906451047475
3724.5878471369892
3937.1273442603606
4559.5701774815925
4066.0457454614616
6829.530203273299
3966.0191521786146
4739.528071080376
3798.679723110289
3902.816713228325
3721.7357753252927
4092.9618958882756
3908.8065294717426
3561.1590335382425
3798.3524265094106
3712.868264493386
3419.1633541031515
3847.59552780502
3919.4669262167727
4402.77464546582
4139.0054525534315
3624.3190283634085
4237.298620869375
3626.0072381535024
3594.059196780258
3852.639788226143
4267.252952593216
6804.569267879784
5226.002954288014
5087.651669368598
6012.259614409734
6052.042984179149
4105.773693970639
3935.480586433523
4064.2507885403265
5052.128858865848
4438.252890835228
4944.847956921166
4065.378507998345
4991.0598279094265
4669.681482433911
5918.924533121025
4154.506534098246
3765.109606958223
4669.297259146315
4600.125173291042
4498.7825246568345
4282.238917060282
4153.347801380699
4157.895560270891
4178.713364618121
4220.927237578826
4449.647445447762
4784.525612722442
5735.886149907119
4731.1620015604485
4447.98169126308
4483.815687871388
4216.775772933992
3575.025837837115
3745.503516894945
4197.498689974717
4306.612570132646
3822.2011284196105
3745.1132664459237
3634.952899549537
3735.3915465267746
5730.077923298246
4507.663718590452
3927.74249753412
4641.063190650431
4770.304955690001
8303.763084989774
6598.404468549474
4247.811790348915
4986.118114970965
5496.015838274964
8401.351549613884
5608.573083477195
5601.596597070466
5163.425892752404
6132.080272643797
5116.25435650791
5354.452596958054
4789.949280973145
6304.158380849666
5998.173438020015
4904.761962392331
4212.009660626181
6473.68147262713
5416.726296114615
4448.144178255582
4837.388310654061
4242.323584007248
3966.8612261339886
3907.4905901958896
3762.470523155431
3383.8011045397625
3668.9421317803863
3419.6527093176533
4148.7679395610485
3323.33313670118
3567.629387368395
3659.0962300823708
3726.549811018107
4618.554330224441
4033.2121697883254
5170.231295115758
3766.146226968578
3602.7293007476355
3414.5829320396947
3620.422854497574
3279.1524794558304
3403.42204484389
3279.386640094172
3330.419529702533
3178.3804760401104
3387.773998544294
3427.7743981100975
3357.430036444336
3785.1501067499785
3257.474022311071
3474.5208039733593
3442.38810191942
4158.3671892707725
4399.060457272896
3852.017504969765
3397.4060387872205
3426.276781495778
4105.074520091116
4920.934843334292
3821.534112135634
4139.177820547566
4040.36147383649
3539.0234337543156
4180.7841406613925
3855.4637099953757
4137.4064400866655
4038.17229237775
4159.737861857779
9028.829061953935
3820.4480335423555
4397.900864245158
3849.941194914621
4649.780302361
3638.912730823309
4797.967852467866
4137.249018039882
3834.529623352593
3788.50862566785
4066.63761064121
4106.377275541054
4088.8199708313
4176.66297931116
4655.105267071598
3810.716714071827
5162.4163591581955
4661.0487173734
7323.329656640098
5278.029998910033
5053.02548743047
3743.140545007968
4024.988926923612
5863.663364891738
4249.351540025829
3966.1904249102076
3576.1733465494167
3730.710809661921
3476.4673262044553
3496.1889907653167
3854.790731113392
4632.315047372712
5935.110643288921
5613.1464068338155
3793.0226621048696
3819.6699931987996
3765.1585654946375
5268.126500964171
9189.10516410408
5021.252508872999
4587.566363133993
4086.2266204854673
4361.626188491862
3624.985169440118
3416.9887820216027
3008.279446975604
3125.676109606721
4057.1393627392986
3723.9817977990883
5785.758764389062
6014.092253266385
3912.361798611888
2878.92325853124
3608.89172865758
3647.1023017609327
3084.0013555857295
8933.81077002037
3798.0034570885023
3558.979725957992
4145.416830569068
6924.531198421683
5393.9060024579
5345.3715413731115
4272.504865592225
5295.528039515285
7572.5973543555265
9971.485733541993
5312.346440712857
6028.150705942645
5421.1866875152555
5566.3584181321285
4583.933610133287
4203.7641797571805
4615.085750921927
4440.484115938169
9133.450276352978
4492.795945292248
3920.468529373082
4249.842644508764
7427.015744673031
24752.073178408747
17192.03390609157
6366.018636234049
5317.788352201577
11338.035524311032
12744.739039363223
4321.9441089064385
9410.953919558298
4009.4196775131654
3845.6741264375105
3664.4071170318766
3265.5123051238083
4763.677682373039
6993.674118145913
6959.35840010474
4925.251178994675
4399.312148901628
3792.656145924408
3691.804630389672
3880.697164967618
5138.350840389193
4378.34569670811
4585.685387142351
4630.918741375798
5384.218174463379
4605.30820390972
6064.484169031496
5282.507193723358
6220.186473724557
6382.501376610135
4058.5605964568394
5799.552200058654
8010.143279949102
3853.7448973101755
9080.892826169626
6587.240960692215
6375.9783201103255
6670.174314366255
5984.385902439823
13195.880737764406
5725.193736190174
4537.79083393703
4683.054355400863
5943.4029513235
5505.214598214535
9191.19347913766
2770.6180354216654
5346.4026958402
6956.228834468389
20523.574143545306
4474.315388781291
5788.527353840879
3490.12474288361
5650.122573912703
5232.876483574907
2584.314109708711
2658.8074689964265
2810.1750478825156
2902.4695392060535
3372.7214623428576
2978.1015002703925
4317.793921720149
3961.458105177872
10014.693622745152
4398.59592889908
47286.75792688536
4805.780530775903
13335.08954477641
3876.4379741413013
4525.587564488773
6150.92832868952
27072.7691374444
11638.96031760902
6071.504897401172
5562.873384831327
6788.926996492513
5395.1423993836115
4154.513796704938
8263.666934521181
17129.578511708274
8211.419498071966
6820.82158316979
7094.891952529288
6908.154961231852
13129.084098904212
7382.315551955177
9898.795128799358
4017.459503344222
4041.1851841241582
6965.295076250852
7226.797061296514
10765.920561219024
4480.950478889274
3700.1420130374054
4022.4134667632484
4552.0214728531955
6540.917672713528
8134.826175521741
7373.020542917228
9983.516904413933
10578.163266135864
10201.174199014014
7235.273099781385
6829.611249001537
5435.878332948291
6546.194849583979
9875.277067293535
6225.8544582041295
6975.154953591945
20639.36365734999
4242.575175469384
4250.647898293405
3394.8741752351066
3388.6218846549373
3737.216316984907
5374.225554546982
5167.304223800777
5028.142275171306
7318.891291262968
9301.342564535224
14248.766655702977
5209.839116973012
3506.4643200638493
5297.491577313282
6187.354241326879
5345.458787494016
9698.032856026706
4371.5694391781
4486.798311201112
5523.034107367807
4759.457445099787
3760.9314838622763
4533.265018121121
3639.2192338948225
7185.2014242917185
5767.768696631431
3763.2127423274037
7048.099289735465
4193.8429616934345
5394.58508077637
5129.820075473336
9920.090492633599
2753.02970235216
3625.8111887049236
3604.414299543041
2913.980328554079
2852.4593645107084
2937.5495670168066
3190.3971868355484
9065.082371298511
3804.191552284952
3458.7345366586223
3856.409593977611
4767.404695711702
3757.9274417003603
3746.7486661904527
3533.6643518403666
8963.264289930506
3251.5889505557093
2933.5319556923027
2989.0388154855104
3102.4697135618503
3098.689203929945
3545.0816654621813
4834.242284925233
6718.581462806171
5406.695412862493
8761.558080958264
10528.946109310167
4374.185070077039
3467.9792815150718
2924.8781340318587
3701.544017937564
2662.324849180007
2726.6606197683027
2877.338002983762
5663.780400091068
7431.512225967743
4689.679829579598
4487.693070837709
4308.448730597978
2965.3373819682506
2477.6830693761312
3121.4480865670675
3198.4088117970978
5074.0284100346325
4281.423205430804
3794.659870340604
6400.659840539495
4610.145744914628
3809.0828007345376
3952.30780456568
7206.157170093981
13287.04975292275
17269.99263188235
5904.850692371298
10091.291512170408
5055.2319621472725
6075.418962300827
8971.160917983314
6926.684948169834
18323.30903177884
9521.053658108869
17740.816240528908
17070.29109262003
15982.655846817166
47023.07063212814
20280.711011062467
11477.581381034996
16289.405889831507
6219.531216040458
19769.40066775402
24513.117894734096
6977.392894562646
23978.687026014213
35786.35060837332
7805.759326072971
12078.441035490066
4820.926790913424
17543.150971056268
11803.372216498752
4190.573469353705
3856.218410700112
8084.816365151598
5058.139818199088
9008.987125524522
9398.764772198228
9540.587988592782
4659.332320615907
6957.069106071982
17259.78469716151
13891.83501546057
4211.571453614762
20378.70213549803
6573.287625067446
6064.082169377974
7523.328974271171
5254.52372275491
6968.3571726349755
11265.729273993235
9761.158759475471
8579.969296954498
5331.995505161628
17571.339767024958
8934.550755393137
14798.522981894574
6031.867075339144
10608.535756635563
3674.1266826026576
3871.135372386458
5513.132356604157
3068.0026815325205
3195.332154763917
6918.432561292053
3060.1330029504247
4589.998583733223
4382.529451950709
6342.9215186899555
4330.585466275059
4346.008203454504
5571.207129399083
16990.75208460616
7904.53695374647
65651.89899740557
5133.504356303153
4246.3284768497115
7462.983425400417
4672.737385581366
4387.320547395193
6967.5523225664165
4654.283963972602
5195.654141121562
7618.473235609715
4281.650222845123
4354.121619541674
12891.667001190408
12895.586380171277
6207.185353981493
18187.15532292153
11477.136967598091
5701.571426113654
19271.96015318489
9670.70873229385
5082.6319194339085
12560.78389343563
9868.856077349381
34558.026391857704
14763.65986047352
33554.65046378002
33559.69739374166
4579.207146377478
10028.117888833993
4657.771573201663
5901.639867417934
4724.157434785832
13569.031452375732
4676.412993254639
7710.304131566626
5060.735671121302
5798.296667953517
8146.002739979856
5304.744360642464
5065.991929528149
5253.338131886586
3836.4893632852804
3325.7334551114272
4253.669721147202
3554.3365287267343
3457.7350281638437
3737.791649573346
3827.351701464325
3862.1179580814987
4287.098316791138
4181.035081960169
23717.04099247516
6839.104598479723
4302.92843605032
4712.859398106447
4193.253319071256
4213.067504643498
7815.436218255071
17120.99532257062
3168.2136586889255
2915.666903627067
3098.277603625818
4151.074277770976
3253.036357088864
3883.0512182196576
3612.427256673869
3380.2446938405806
4211.538284665133
4092.6309040403908
4432.78292073989
3520.655380917668
3582.077292557917
3316.538314995566
5292.904629990821
3763.395243801965
4898.335746813815
3748.6180518409174
3385.8380033966646
4409.501817839289
4396.2264951451025
5341.39095606673
3961.0660820311846
4066.472696859062
4051.811951517562
4116.910619653939
5115.96890158775
4572.736043894245
9135.507914843527
20547.57586726941
3515.4711492255665
6379.344402176695
5111.860227786011
3476.1901258111416
4238.076022197537
4729.7430539758325
3471.583361978046
3789.5275121663053
12458.155532327195
5011.252385676123
2882.7120533844904
3195.5753994132674
3181.9442624588232
3620.365198861266
12739.840023751718
7015.274978323535
3249.749090953638
5451.129579868326
9580.381610504433
7436.614246799694
26294.23498586512
9221.308073390719
8815.214896045789
7860.7532714899435
5212.065407285817
6047.23407826499
6651.436896518857
6531.193009863147
11739.87303341371
12567.99248121815
14593.270327292075
40567.59096872553
7299.10055338359
7437.634355024254
12955.959604375797
12977.658727462327
8883.002433759908
4655.442522071552
5272.023904791129
22873.816102226716
14329.759434316651
5212.004326799511
8319.763670427208
5840.338536943952
37865.695063795865
5443.210533912547
5257.550875463129
3856.30550598559
9653.56682200139
4195.666075274387
5716.581970338329
6780.7803427022645
5692.557829708005
5425.454804459324
5362.796502702913
17405.033389442247
5085.767272001041
6832.315159980052
4344.3622396976325
5292.851481900396
7978.082620512074
4505.893713626932
7245.416125490371
9637.348305623063
3242.380674120176
6515.596982978778
6328.254966204123
4320.275566991505
7643.997724528769
9694.291707048002
7220.147693259624
5912.286394913605
4185.644924273093
5534.296812738308
4623.680483434888
8879.485641484658
7545.54436640221
7460.7113111720055
3169.763489467202
6898.300565252472
4043.6686771230065
3825.0399121316304
4564.931069046312
4116.126332189264
7916.975214660981
5776.461105853536
7097.598767847974
9755.346123009764
6460.616265609785
10039.433343110133
8310.615040373294
10421.176431638218
13224.534390413419
10105.33199614389
7933.932415617813
11362.80872683002
12267.477909263796
21481.022131654427
26938.362399459977
8518.477789646962
13750.779294887778
11374.504438370654
19058.688869191257
18490.570286437858
17156.536858010164
9290.387747472716
7346.765624545438
8268.77763155142
25329.617727739813
5604.66145052728
5471.402389067281
5284.369667524158
4642.632209482724
4878.291968713456
5463.572077958135
4516.722740938943
12535.295036731408
5617.4523291573905
3947.0477663378774
5718.178015194955
4309.984065797191
4321.7384010600745
7044.151197400336
9572.619102983783
5183.696707057845
3218.7012266398574
3584.912120114988
3427.92818000647
3349.465336659901
4095.1517814183308
3151.4354929668443
4354.890571826934
6164.569573285958
4461.820933786004
3309.6699870653124
4199.041009027247
4358.409307493697
8993.375961275093
8357.679283485644
2862.602063118614
2790.974803514502
8709.389608594964
17065.89622838439
17483.257105328696
6847.544692273162
4163.552696408186
3167.5738683942423
3777.229304497359
3527.7310543714016
11324.395049466339
4909.730678211176
5034.376667651516
5545.075302786351
6046.927784822481
8843.537848949107
4317.004300854622
6442.452690999515
4934.934284707329
4293.23638633972
6457.885292043802
4817.585389474033
4842.643939991246
4008.1871152647864
5571.039561139546
4527.692422206978
5315.568281215727
4292.320157225803
5808.183067131873
4157.870603795581
3969.002251775207
4211.930658872527
3537.25213826087
3436.8450836773736
3908.3188548985777
4161.649832739574
3641.0324735439267
3433.2213651204997
3694.484063937332
9783.79016087435
4788.763131853377
7733.133826741659
8076.338289790518
5267.003753747722
5619.5350349246055
4745.407687883856
3963.0101839217937
4905.64930604184
4407.392028457591
5283.681780679766
5049.792584866865
5397.851704394218
4453.795594540022
4875.193769096893
3964.2041162759083
4378.317922086132
4032.3904260160634
4103.3081175665875
4386.990480170906
10298.523550487862
6219.6859828736415
5397.873380444908
4808.972052922572
7684.982903137634
4588.584124988687
16840.3643464454
5497.371733269589
7587.733989142466
4860.467709373268
3951.1696293052096
17098.10776927499
5900.622197277292
3513.5193089771706
5251.472540508529
4390.4138499028
4497.344032357707
4393.02736921846
3835.4085457070714
4132.0516769083015
3494.8547942037853
3801.3529161951524
5148.391409976716
4444.736362135611
4615.3436313992925
4969.63066866354
4249.706643849166
3830.5692603044668
3873.103459979244
12506.587605956296
6330.541900542556
93097.33429050734
4583.1716207345935
5954.621666164235
4490.013123490553
4713.073459930882
3771.847802841665
3272.620835508751
3220.6592194170753
3177.8160544702655
3157.5388825506993
3121.568338023094
3535.4348546246447
4629.594290632561
3538.272337908391
4640.667987474396
3836.3821830574425
4110.501020056063
4306.596626950816
9132.941759783185
6463.204580100446
9190.9720938876
4690.218397189948
3856.9993262651224
3958.252526954992
4474.648867732809
5333.312972131509
3936.608164580321
3896.8915806810696
4118.599235641845
4177.1729642602
3523.532263505793
3885.606698326246
3714.2757926240097
3633.0354567076897
3705.0337846554694
3934.1139068932007
3994.648238205079
4338.989802788006
17137.404861257186
17475.43078198953
4218.043105361528
4503.771640667387
4717.441336794969
4455.802490330644
4884.560331999104
4281.58135642304
4241.162620977953
5084.782850763789
8126.777781311713
4597.407830474199
3678.3582330418562
4433.144237045156
4005.732338865114
3446.362787971327
4394.981030394024
4350.4186839879485
4628.35247769328
4577.929949064663
8304.947339089178
13176.308675658518
5960.9985834948
10121.37406539794
7782.032702319037
18165.86864715625
9902.638405709622
5641.15350713439
7513.783553781553
6782.382097860401
6438.697946280949
10813.3944573028
7859.05557142178
9382.540461107503
12002.196448379877
9579.272416551341
3716.382361255707
4670.012556515958
5732.887256896494
12209.77091928137
16906.770190498235
4375.837390154915
4674.009888888889
6446.077871078882
4356.789416260062
4882.795417145989
5036.489365179737
6690.538147506115
6248.093847893762
6474.901586879145
8098.568896866715
33215.700127505836
4719.460266340874
4855.213536076779
3940.1823895625685
12687.400958924973
7303.165460750266
5975.441980373685
10962.321212180877
8562.263098419147
11646.17795744536
16830.457212192774
8091.505876491758
8316.406806108294
8509.708264594425
7066.656814257257
11904.858848886939
15039.15531563272
5451.708240233977
7903.4112517485355
4594.076140445378
4870.55289938506
5075.163210152123
7138.7329363463905
7492.688805785921
17087.189453244908
4583.685609044279
3418.343242958176
3104.178256476439
3580.2828515541837
6735.748437196331
3480.5315294277793
2884.712137584163
2966.209899544241
3214.6851126059614
3039.522960318784
10154.082994379249
8249.094056749185
5963.651889808766
7058.273171632196
6159.148335735711
5109.856603353907
7034.60071307418
5730.585377983935
8173.364040645595
6295.958691578545
10664.211734156204
6208.4856575031035
4865.254395356742
6369.916720163959
6243.822701092935
8877.863582494001
6639.423603932561
9180.227094052894
3197.3499141158127
3008.325068808764
5265.801039578273
5030.831423432608
5273.976212491781
4013.1372140563385
4002.944177564826
3483.4644584632065
4431.313337481909
