36.618217202344844
39.866404507691364
44.79454194368666
48.81613327725331
51.416036189602
53.15515166619908
53.09030398892859
55.46033439856586
59.04238961365166
59.01354078841404
56.5130279358269
58.2198765572274
57.74271771110133
59.363141975198104
61.008764755224774
61.21163962329473
61.94397926509232
62.05438325601325
61.21833417343324
62.464126249293386
62.892491876557905
62.94587645959605
61.466260797775156
63.55154785855096
62.244296601920034
63.40129625772384
63.13720151747078
62.95310621753745
62.84419757661152
63.703685721633484
62.54067961424731
64.75750426167103
64.63156654269466
66.67944898090764
64.72777214229771
64.30711960721757
65.21906829367488
64.70436854832492
64.64374072761625
66.07681130664346
64.98650540895899
64.71443122183446
63.65157775994194
64.29774361987525
65.34401566836935
68.56255539504072
64.41979660133309
65.01738856469062
66.72959979259319
67.94768816897519
65.88696765044637
67.64508755238805
67.42849327112387
67.43543082227629
69.80465415317786
70.77527398911866
67.87822258880604
69.11434487309857
71.9178897719509
70.22526044025646
72.25527756036864
72.24733447242869
71.80209176628179
70.85877537472425
71.5074808593952
71.58329441020875
71.02843731113981
71.7599497512443
72.51576779772287
73.68831882616682
72.88365185399316
72.884806420377
74.57673880020332
72.74775906324423
73.68345167651573
74.98751887478072
77.53327657954047
78.36339885643709
77.10835228280314
77.75538563133148
78.39247012792357
78.09917990920842
79.34581699182286
79.09145733266499
77.66757905764527
82.5490350361632
83.31804510223594
80.29153133042018
80.9347315871126
82.81649245342905
82.45301909587022
83.56588503135933
83.11408274330319
83.05832143745994
83.05205831955644
85.2525376235666
84.09242938763532
82.4613274866965
85.78959766671953
85.41554361364675
88.01764617079233
82.96586579464376
86.11026802589494
83.64815857071835
85.90727240962892
88.28455754924633
89.27688301124856
89.55154561721537
91.9820152577642
92.83599788902848
95.49857051652037
91.54276373939187
90.50803196764828
89.4322355273883
90.7568231308417
94.75183773844736
95.02196339620453
97.13546754627073
95.68805742052331
92.40701905033886
90.59513369541523
94.10034407960113
94.51223460974221
91.11805790108433
94.88430917762267
99.10349238599132
97.15328095394219
91.67826019848869
94.14368763216491
93.23735842640549
96.30863208956765
96.66667065391704
93.60996508013255
95.22828921965758
96.1303435927305
97.75003911212168
98.77073505960344
100.87190108003901
98.10967082890728
96.5632784164517
94.22089080581117
100.37928703634627
97.14493894154582
99.45043286549769
99.09940627228191
98.38929830792176
96.93370178239172
100.64659945393291
103.40618783062008
100.42064188160028
100.1161133587695
99.16838716536331
102.78892474738522
100.61330771177762
102.59219084068054
99.85945295122387
101.42834296338066
101.01900329075626
100.15169442355877
102.0373367695836
98.3969776034305
104.75796811392038
100.22009810765896
104.67556469134824
103.15627148026294
106.22345397963964
105.90868307730881
104.85639547800739
103.53863444188343
104.80347650621789
107.24908569557995
103.82438314470137
107.1953406290432
110.88170667089508
109.4054325518674
109.5441061120133
110.14583080832449
107.44229463993466
111.33573041907543
105.398382366787
106.30571891252607
109.80741576617281
111.32394217223882
108.7399024141076
108.40383016435423
111.76170954301767
109.90365384997334
112.29121194506115
115.35362084073991
118.71516287348149
117.47240064238811
113.20002507665193
119.56122624127288
118.52321062172187
114.88364087207287
115.98192802524298
118.45233747918964
116.5788491259834
119.38623984493015
114.00554854439233
113.13323729721473
117.89654131851135
115.76836485254975
117.15097235776993
111.67507125870468
117.47701567964492
115.6429845257882
116.92322488604972
111.27843659818427
113.70742354949391
114.36537866919163
110.47303547025555
109.82543613626369
112.50934078796654
114.3135719608548
112.78122468295332
116.6331733306717
114.66023896324538
112.88065033783755
112.90802873254893
113.74910534654069
117.21591865936756
116.44539229433472
115.94639839287716
119.52059772050342
118.66996395281794
120.8778792912906
120.6087101452956
120.23085533327239
118.01015539115956
117.85808923199626
121.18608967935785
115.66839641154077
119.09302623475828
117.7759194618095
117.20142578039206
123.86564023105299
117.70106124747946
119.95892994130507
124.6242537620884
116.91751977756668
123.52641051639411
120.60829656079879
120.26212949031894
122.96110091426627
119.2080779572297
120.61244588615561
121.48261374694812
119.35028777905069
114.15660143950763
116.76424287907385
121.50384722783289
119.51929838589069
117.77982406250521
115.49069641701765
120.3933523649526
115.12264577787896
118.52485781875119
122.14968739603887
117.86922861244541
119.25171382621582
117.80880156722371
115.26601015672016
117.90853259571111
117.59021408094596
121.9257671516811
120.27664108755415
121.91687516308708
122.30609481450522
121.59903065681115
124.2823770886643
126.56825859649022
126.39700473722272
127.34931097373959
124.75890799005973
125.92428990830794
123.97006329449628
125.49229627220235
127.35710248267416
129.2780138245009
129.41630380492884
131.45075982915645
125.22161999014493
129.8364569338511
133.21403913373152
129.45785064664253
125.83584485453977
132.65670064317817
131.57701326806833
136.1268032612787
131.32755813104276
136.06604625789572
135.32976677261217
137.62837667264108
140.57066386859844
137.03349326212998
139.4025386916848
140.63492855090146
137.03205712632808
139.4280201276612
142.01934718863728
137.88119643296244
141.58912780964337
143.86809349463235
142.5190130551816
139.50869587143313
141.33722554095155
137.354198095136
140.51446175334746
136.80971873980585
137.83914443466406
137.5672552809353
138.19964634579154
138.9906534540098
134.91696288856087
136.0752069261565
136.13029175929788
136.6315072801109
146.94619659804803
136.46563311066376
136.7351291676781
141.72024568896688
139.38070610915278
137.19306266165992
139.66917291251906
141.52829161303345
133.23753773911693
134.5045777863124
140.1933555736079
139.1913516701707
138.40218378880903
141.59824199516746
137.66513202935892
138.3180821425814
137.75345990513927
140.75630992224134
138.91817772225917
134.12308054188128
139.50401672098195
137.36863771556477
135.28000211466772
139.7489710169525
134.30067162500416
140.13887703205577
141.0031670116371
133.24696228063468
137.93024298340467
135.69662825627015
137.43131666854643
135.13018403822937
132.91026199304818
133.7477992520651
132.91387553420907
134.1076019848392
131.13339349896677
136.4465394391534
132.72874548869123
138.58273599840726
135.34631374583535
139.74318939540885
137.15065908767403
136.34469243991032
139.15814142543533
139.02668301687729
135.17391735449266
132.93539323529626
141.781083471864
134.02777459332643
138.8337946660962
137.99298012388599
140.63631565225845
135.5624881668016
138.64233230468406
136.78838644924053
130.9561545318137
135.86094306282624
137.92115960979928
133.74327282763673
132.1503231265348
139.3423163515885
133.9968513408472
136.2929821085441
135.32413242362125
131.70580641560662
129.23486915027914
132.45217616729133
134.92635323580495
132.91774417571722
132.18071019494602
134.16397547425703
134.19181849977628
134.12580586714012
134.94126943617275
135.821861393527
132.05130864771283
132.4774417462858
134.1727721423537
133.79961640916937
133.45112884325894
130.81896292283554
135.16462093886932
134.41884288838273
132.72999844497258
131.02206463649364
134.81268201960793
136.38466057667705
130.74242825948534
138.1012239304597
137.73068196650937
133.21725471428124
134.50750958463183
132.94648721282036
131.90759487838855
133.82265164306006
133.67897603527723
131.76410932126558
131.49200800000852
134.73459506158173
135.5026190325508
134.0620937483396
137.42538322448064
131.79409068798276
136.62480187472158
128.93122645305306
129.88778936268682
136.08811468724952
136.68445202199072
135.2035651886675
137.83260385244523
137.41661438117248
132.87476590693817
133.05546077695783
135.5042634493776
140.1421814977117
137.31215946166643
132.34881230796208
135.33817009750274
132.34330390548183
137.9934477630957
131.3938180503986
130.31770766908076
139.44900719733394
139.74399061367748
139.97737545199533
138.55582719993902
142.4758889016598
141.6601120773475
140.2276587563693
139.45158459099918
136.91250203404087
136.84003525212609
144.84232843431494
141.70855012756624
137.14494791527565
140.12064721838726
140.63785720790435
143.1362870687263
141.76496634839683
143.65029251676205
142.49744557581457
139.7508231513365
137.8079635112374
140.82430339943173
141.2442890976737
138.52297888413136
137.23938977076205
138.5310713397793
141.70734318576908
140.56844752148947
144.46840434496653
138.5742788040538
141.91321723436593
144.81348454931052
137.5990006554308
144.88076232486156
142.68593149929896
135.20840002573544
142.42955933822384
139.0548895940023
143.25747060699447
143.0286252148471
143.25666194937273
139.15956564021744
141.97291543495567
141.70846792811207
140.38902134131726
134.77496031274367
142.56073464051053
138.80825718206762
142.92893731543182
138.78134461218326
139.474432775124
141.39196927151545
141.89315404615098
146.98345634421008
139.52543718436579
136.2792407313557
141.45379392710765
139.9839316395816
136.42341559454945
136.34570757606923
140.83309149320786
139.15425156210483
142.8729971543391
137.87089505790544
141.82964348873213
142.10066950625406
138.4513402200893
140.1786964238288
138.81776750053174
137.51462589503475
139.36344489872883
135.94785406847964
146.13627807558464
142.2202555988632
138.9113210067053
142.18718996016906
142.3019258507184
142.85775421052364
139.12859086654416
140.20695718539884
141.5569846374619
139.81497403320273
139.57486484726948
143.12996847358198
137.05156069357994
139.67697301272983
142.66582400729567
139.19248672175155
141.7378922832274
140.04718602109378
142.6559199456025
140.4898885287276
143.2780675597343
142.99644752040615
138.7063069507522
141.112099100841
138.123752133094
138.34265317463863
135.98337977233996
132.0723484837082
134.37936448177638
133.71176464542776
136.33836681815453
138.28801526464136
137.44400166739914
138.46944769222836
140.06592649822676
139.59463061135074
140.43302932983684
146.29805811361325
143.8791935575883
146.7874052111521
149.37091932807772
147.53535551930378
147.72474391256023
146.1323742543856
144.34315700725512
148.27187017425416
142.8360975402075
143.60451107031392
140.45976587162937
142.75836435523772
147.0322816677749
145.6782545107168
142.24309846999824
145.23916891743536
141.66079465938978
143.64522316732828
148.14183760272573
149.28756197251568
148.1310610126137
144.35807263991904
145.8934396653977
142.70309004542992
149.90452692989533
154.5257941917516
153.2049943591681
148.64713558861192
153.32665746927347
146.87704974911057
144.2485244564057
142.1590663209511
147.3105101282036
148.67574858828655
145.5758186773736
140.5081179028343
139.71839140134134
138.91027767793733
143.29859859120373
143.09574211652279
141.52870521467494
142.73579635498274
142.65714790657293
142.5167334378165
138.60756999068627
146.15980832357516
148.83830296227546
143.51934784597387
140.50882374553552
143.84009943811498
141.66073338074128
148.86251123724213
152.7912145671366
142.93570350168523
145.30403328501308
147.45704096139136
149.6375051090181
145.00426377252805
145.31960235282145
140.491346601975
146.79317113386722
151.3753639549178
147.75986924161833
150.18080503071673
154.89699858274756
152.77122614026877
152.97684745147046
162.11484128216432
158.36037050232838
152.30264088822244
156.5637260639563
157.66073281530677
157.76395371756894
159.86681042511734
159.45282966377508
164.9799038745501
159.71121749284563
154.37353722442626
155.0563450831891
152.80371526312007
151.7076074223919
148.63567096165667
156.59936222846466
155.63265764701154
156.03353493975283
156.18806920805844
158.849419281572
155.98442599275538
158.8370582942714
160.97002426702593
162.1386722298996
158.39769018859928
159.50822684447832
156.36625840681307
163.54500484344712
163.3351477502373
150.2424968019683
162.02343665457352
160.5562939873344
159.9742919725409
156.65689248062745
159.0024015813914
156.7813509564703
164.9716029367581
165.87412523022957
160.94912046485427
166.07627053468934
165.84991307140686
162.48793446929795
164.14254059825032
167.63322724265984
161.81160677733862
167.6938341154642
163.92263228546386
165.9228919292416
161.59260310708908
159.90743007917249
157.536537969897
162.98741241365596
163.49014985863099
162.74806000898934
168.15608992642345
167.75794157736055
167.56936495715667
164.0640160151783
162.74424260107045
165.92911616693914
166.884502180706
166.07593417269686
164.67355708971502
161.71378553232594
152.63094197282936
162.17072579882034
160.14576243073384
165.26550187518816
160.27420250976573
161.6908662236522
167.31024241801535
157.26433919554256
158.40856673738108
164.4151130853583
161.84084758245484
167.7566593472516
159.10590879596214
165.09223639062535
166.80688614763372
159.86352439185256
163.29225103001835
163.43317805089347
169.57704359866858
160.39853446868668
163.59378027497908
156.7343681719411
155.79814087065523
155.17606837959983
158.5207284534722
160.3334731154739
157.61748661839025
159.23035473843333
161.43641381512282
160.265037464369
151.9989839179682
163.80998249887602
161.99807364339685
159.35629502707062
153.7007579746511
154.29631631030261
158.48667846685618
151.21875631473233
155.2527800608208
157.13954581071488
158.20412069551347
159.6322120845249
162.80716903760978
158.4720470421449
166.75249212347697
164.95143558818734
158.95317449933458
164.7308921650972
167.70350791663228
164.77531587330628
164.36129027136852
166.77098127693586
162.7800544718387
164.8856383211017
161.07478501088428
164.12855575858762
160.91446966220747
161.41219276322823
168.78960325125925
165.17274762692458
168.0944092417598
165.46971105916055
169.49822824068283
168.20487156883803
162.4726463006043
171.41564598840853
167.18546224096622
168.66972225039925
163.63962619118914
161.65355250135437
167.247688197707
164.52304161799745
163.20099185252613
168.17042486834106
177.60302896328432
167.03743667507752
171.77896442835277
176.01796697942564
170.81214795236588
178.09891689413732
176.79662460768512
166.40943385576568
169.1249490611677
176.85554653312286
175.95807835149336
175.73221459550322
173.47788445158955
179.5674992556078
171.41860274071055
172.891032846604
178.6941236717763
176.90037013820273
174.27222752920275
171.7647834578531
172.95348581836492
177.9391296752412
184.4415015676973
181.26471792826297
174.16684799985765
170.72204719177515
177.61321102167713
170.18470702286166
172.32059951433
178.48364757883763
171.43340864805472
172.2045456985358
175.1260403604128
168.32357495781946
173.27918721620375
173.97869156027582
177.51165969134124
177.34556035210167
179.91660370416014
184.51674809991832
180.5257755671061
179.5649570539409
189.07274787201592
187.06651368636926
182.89146747177227
184.42123568417603
186.4226934364747
172.5823130603575
181.20972275343817
189.7734639919598
183.9475461459077
186.64506853918505
190.36235576367082
191.44541323650967
182.45119627970183
184.64430161127237
184.27029040170123
187.95314488156137
181.0304945385508
194.11153107841164
191.24960716700303
190.555937640912
186.63668373923772
200.87189917377603
203.8206913831128
190.90209715672472
187.23236578543026
194.14362125127403
191.09411986343548
190.45672849100012
200.2125927693732
199.76279311705235
197.73483688157947
193.38859828994393
193.63061830310224
194.15947943414977
196.7440600753252
186.34925896568123
194.18069948505644
193.46954558326922
188.18697628771793
179.89712324279412
187.7251528952163
188.0436428419746
183.81704140256684
191.1327706121304
192.6830407034228
188.50686616888373
197.19803859266926
194.02863149999783
186.36301177751815
188.40664892668292
196.9398578018404
193.7063583383292
200.74469180712853
192.25138919966236
191.92106651181302
187.94542859145045
198.01582035531732
194.03495702184495
188.48925061739143
190.54647933407992
189.88789117734117
190.66027681498173
196.51049563251442
198.6396923761142
195.5267888878351
213.61975859453437
198.80865805535518
202.9164037095272
198.8797141909423
203.57724980927276
209.83776906205557
201.41549272010866
202.64023879741254
195.15378236310028
291.05466849703225
201.9189831100568
192.9555684037219
205.69670172626286
198.89833333538942
203.08756915305742
201.71528830703946
195.5002171146808
190.02010228310502
521.3205747139185
173.7417412396043
246.17331606080973
210.8808310886414
189.74483114038003
190.6901979778241
186.67003654744616
183.28743608457086
184.62407112242326
179.52159154730145
183.48324849913806
187.76688482219163
190.56639167328146
184.14017632883306
194.80471197697796
193.6620382903247
183.11987669288266
180.88000429410977
187.41686374769844
188.83936868938147
180.69384962793768
184.30606432511658
199.90414769732052
180.16279605095784
180.65870125806597
181.38508796875118
184.00168438572817
190.38130875600203
187.75302398658604
191.18061407605285
203.12134254003135
201.68665495111355
192.28166991728196
191.67588087475397
196.6859019875594
201.34797981482734
235.03995812271393
227.56426049629113
230.74171447614683
226.09840714169528
223.60018061984687
256.4964321058727
235.71131409661635
232.54431159542688
229.94495989265488
231.32688318726957
311.34511850868034
546.4624523353455
827.6800961972253
241.23154334771596
242.98597028083026
355.6321719752283
306.92526659268606
248.5108263027101
312.7801249479867
242.88355998072595
231.45011992666514
317.89244965366026
258.0895929051201
242.7222490944352
232.05289246636127
310.2483687634186
260.78988899093673
244.53950226402503
236.79199034097454
224.20217605130446
215.6233236327311
234.03230943857238
304.12164008243064
204.0131702886519
211.12815027027378
217.69510785755278
230.24001622473864
206.10838057842517
271.54104027783217
194.6505339216408
229.40365541526035
247.94398579305738
205.60183853541034
224.5377173958813
302.68795970340085
204.9324109834407
195.7137955407745
205.74042579058673
224.95079802269635
235.35298534802857
207.50808626626338
212.6070912056037
208.58329784277043
210.44519770303754
206.79748758652545
197.23061347602288
197.11172013554216
193.5565623883641
197.05251423721384
216.04628366756086
206.8611802542369
240.7611764782761
218.45195516106259
202.375814070469
207.43949168869125
251.27053764503853
258.9557132212243
292.7580139967893
549.9782724174532
247.95512489652606
244.70200094921125
279.62797171455264
411.1955067883992
444.79776762772724
327.3259267997774
294.78720352681626
272.6006685614005
325.280215328654
433.54836070046673
258.163075921993
370.25125527480844
412.3132177610745
543.001221464006
259.25475141347806
259.84940649042954
235.44162484830753
226.00772301361746
225.8136053126363
254.59442865831213
232.67970492473302
250.98381740079623
252.64716641629448
369.7306370853753
378.15058532387474
305.0195831587234
269.42332053651666
269.446196823428
252.43649352426294
259.2339641572465
264.9660172995392
244.80428227225903
235.61350892632925
264.1020192177564
336.6728822490891
259.9178145373819
292.5186952746031
233.23306898680988
241.470555088394
279.90598448386106
248.96315290047815
239.7747623626342
271.6809300547653
275.641002068408
256.0855527002315
250.83573299998184
249.7862017071872
310.95803387057265
249.51298796780742
254.36979532427102
300.3584768486801
251.01232476397504
235.38695239753994
246.41002989616436
234.4748922696047
271.0675969747661
240.29944597353114
235.2300987488492
261.9908723961624
276.68207842234875
234.60710094517685
256.61288813916104
302.30197468156035
238.5985996734934
313.78239103153646
228.44860841320687
217.70271918781285
218.668416284662
247.4769385213015
238.91537644185797
226.50313660807345
242.4003675364311
220.21932061981423
224.5384276760892
227.62426246631088
267.8643446255702
211.46242297351475
207.82512583329415
203.78342493474364
215.54252521847016
214.7070718522207
228.81468123073466
242.4136012692116
233.40251575105705
222.88561355834958
244.2068420444554
240.82081921313193
260.15445327141356
198.95863309045998
207.13310104980127
217.56421035470103
528.5196362765492
254.25156217284206
436.35830526527405
314.8705295205389
232.7811716645405
253.29951014004314
248.44761732897723
323.0897342150837
279.8885406304389
382.47017408039693
349.004152662282
236.2921370590683
228.63627372224354
221.35060739270313
238.24780228263134
263.3891917249849
269.7236033737125
232.65099600359918
322.0489013656015
420.0320710634802
411.7782254455729
424.93543084893395
305.9272654231207
383.5319224519622
376.4856157393129
287.66638023437486
270.1647231465999
276.16683363239065
558.1647481801673
395.9916829221945
344.4722499499472
314.17193464356006
615.9494484058096
282.5269289125648
209.98937931015428
318.6405259149388
267.2133890823219
236.26592988313112
240.98920301297832
229.3193071529506
225.58542696424098
212.86752012767127
219.040611319739
220.7817844123906
238.48815556313642
246.14398967876264
233.90105655184456
336.7318977849592
374.9050455463374
322.05909130623854
375.0258253250047
456.63092171234985
430.8088945456849
339.6602447078566
247.56857602795648
496.6463999395098
384.4201029553465
310.8456150327007
530.9236450439994
300.4916986252613
255.62425012652983
270.54595540177985
303.80235862461194
320.8851522455944
587.3606006031414
245.32830602068358
316.48170896038755
360.2738325052911
422.9527963292143
378.6530715738149
349.10068145704275
253.9562181669002
493.54133044896355
274.3655414424395
368.75632157169645
437.9565937789114
390.7353108454096
271.24808466678735
331.59597761010144
287.65800806493496
284.6030970422841
315.55740794361486
298.38212812534033
394.1819047196469
352.0465094883117
438.7510585366798
299.03677946464495
668.0465179337345
192.41046673239103
236.5123008779989
217.28846883804894
290.89642474938415
355.98731675346335
312.7381957028202
390.75188418206864
532.8677171441417
365.0345633297167
295.77260435352093
455.5819604751021
419.88272937321415
276.52668334987834
514.6570321051032
537.577277451279
390.7143004966572
293.67700444018413
242.56012948583475
248.92514888568462
224.55150593638862
255.57070164210364
247.462777269505
224.8027737328387
232.8387932763932
278.21160986755666
238.00526663810155
226.40529291136812
232.3907130719919
229.74666195729662
221.5578602618941
216.4129054168147
207.91055281426642
213.3084267620396
207.11928361600303
213.90581082697256
220.61554713292017
212.87418518414674
220.6189837946611
257.84191506850004
240.25333194587515
278.73549558422127
228.09776954769876
288.4353507082923
366.9504644101846
263.3637688960182
277.2483295871536
287.05201118293286
253.3320810876696
257.91869590503416
268.7316966042731
251.46615844399403
275.41760807948884
236.62658265087785
235.81534669259187
261.65096887952035
265.93096831436054
260.4120142229851
321.99892031404175
260.9603142635032
321.3393945117038
340.3919642325863
381.99885937024067
302.1084035873821
306.2269805259892
283.2033938429092
427.7192059484666
379.5910256544534
453.7779851777681
360.03805302923814
221.88359686517185
277.9475703938452
314.896286679121
398.9218447880712
178.96826804908866
260.2869977277298
301.8664494717984
321.2687736552141
250.74015206640763
290.4890001682433
268.02029538451825
247.27886724221042
251.66329292275387
243.85466469952462
257.36426677668015
254.51114324814338
296.6771121589927
286.1876967176999
266.2164782556381
240.1173346568117
268.1701482376451
302.23960094681536
336.2947484726722
361.7358258409032
562.8660069990442
416.3039624175126
336.0022961203394
326.2706712175383
258.74595759007184
290.1965681034638
265.81913096447784
271.2558159506323
268.51496315965284
247.52321985259798
289.2850872954926
329.09768024237303
334.7217130751089
278.7216718548688
284.2221006704704
244.42186154776059
240.28065911380605
249.3367578617378
274.9682837400616
254.75037986634692
359.96523017440387
250.55507553486314
282.15650458171433
243.4567306923703
247.88605965805385
240.15798152497928
255.87339667465145
248.1396222376234
233.19948079840304
243.4427462362753
239.7763585040173
226.95855972775456
245.54227433543733
248.59058100823205
268.6278098248811
257.7887727709574
235.94871299674088
261.85410171555634
236.02197733628165
234.6335711406935
245.75683408526052
263.08671913390447
359.08761481073515
301.1478502286396
295.80913366653084
330.64235357844206
332.09933243185895
256.4070754650429
249.2672273216699
254.67540126943402
294.4306014023838
270.0689751670984
290.24759400895397
254.72250943938644
292.0531202451962
279.3775507498804
327.2114822120823
258.4320053416875
242.02027442329103
279.3622256742081
276.59634242178174
272.51892449625143
263.70230707296963
258.3839502896275
258.572529659812
259.43489386115544
261.17919386926263
270.5310189042998
283.93957146336567
320.43037769861553
281.8243708190461
270.4634980046359
271.9141666291
261.00791175599295
233.80445921828468
241.17936060689948
260.2118355073639
264.7019876618736
244.46068493859312
241.16260772123277
236.41000845846276
240.7450803704293
320.214026764675
272.8774656161472
248.94037446390513
278.2349321790381
283.37667203225
410.0624163782599
351.7973974270687
262.28704727391386
291.86031136960946
311.43349319917
413.2689453571821
315.67117169679744
315.40934247863015
298.739029305801
335.02088967573377
296.91678653860174
306.06245116725455
284.154110773011
341.2594949217378
330.1257084358665
288.67684935061214
260.8112010386694
347.35019834898816
308.43093304504185
270.4700847423011
286.0271775078616
262.0610806419216
250.59053988504036
248.08392663555884
241.90716812331627
225.39099039150113
237.88144865689108
226.98021428552968
258.19397015268726
222.69779583404159
233.481865753648
237.4556753980424
240.36503186695154
277.3345889798558
253.3771105818148
299.00146397718106
242.06469482972042
235.01076404273272
226.7558204157973
235.77958476611747
220.71968844897842
226.2614356196074
220.73019588921295
223.01425799714326
216.17423106849031
225.5673757352367
227.33945811974235
224.2184336196256
242.87831313893938
219.7458290948435
229.40168889642663
227.98514731037517
258.5920824995348
268.4767119901085
245.73037006948405
225.99472533430338
227.27323591899795
256.37796552839916
289.31108662654566
244.43224338617486
257.79592976004193
253.67644771498422
232.2321229126211
259.52059603065584
245.87690990477265
257.72237453239006
253.58480674974234
258.6489037779368
433.5983496716347
244.38592948964632
268.4295295814317
245.6420599334333
278.58322110383205
236.58167026247926
284.4711461139976
257.7158371936697
244.98607407931027
243.0219606043322
254.77510072638358
256.4322041099168
255.7007446460743
259.35002164345184
278.7958709821238
243.97075858319408
298.7000891498358
279.03312404916545
377.11376899245266
303.14325034645515
294.46543649688755
241.07791274434825
253.03258945726319
325.1716586089285
262.35042610232455
250.56228897176166
233.85448744473115
240.54392344014346
229.48735899393108
230.35444693198153
245.84829686890015
277.8851841056627
327.807747079432
315.84275071744776
243.21496394848828
244.35274864013235
242.0223724468063
302.76392722727115
438.71466093850637
293.2297574603921
276.09268895633465
255.59261373675298
266.95145637573444
235.9776233132541
226.8623197949702
208.39091634638234
213.77782238737854
254.37823558606968
240.2545934317684
322.28509041379624
330.7095404359606
248.29006363255968
202.37338325436863
235.27867654622378
236.93649719348633
211.87336956252904
430.5508981554306
243.42783531955217
233.10433101890678
258.05491639506033
363.29569442265756
307.5640581757983
305.7163023249689
263.3025371801351
303.8128797722436
385.6232793791296
463.27612016749873
304.455805400391
331.22471432704594
308.60022766684153
314.0851799386605
275.9469168290174
260.4707117871628
277.1957176082619
270.15948138112043
436.9414502818326
272.2771082259093
248.63293005072052
262.37063922386966
380.66495500765524
849.3259369388666
666.1185162357804
343.48829092757313
304.6636907884733
504.69059182960433
545.6162523115747
265.32984147281394
445.74768664883686
252.37965653899073
245.46052205950946
237.68538519530065
220.10718341195832
283.11415215978036
365.710077445099
364.5128155624961
289.4802389407317
268.4869524641406
243.1992959420386
238.86864176869577
246.94856237475508
297.7710708138619
267.63322814034836
276.01721550290773
277.82933985491553
307.1956769766578
276.8040669483021
332.5543077070714
303.3146576805814
338.22232425582996
344.0809363777169
254.43763865947395
322.7971124751915
400.33803792316934
245.8038278596527
435.26361705632854
351.400493270339
343.84645757969696
354.3437598975072
329.61962487288093
558.4173729798064
320.0320388393573
274.0919721286509
279.9106776974222
328.1130095972365
311.7808967821703
438.7811265850459
197.26548502026924
305.75561740892226
364.4035284479866
749.6099279012791
271.5299434307964
322.38789501749653
230.08799859494377
317.2282920678477
301.41184996221426
188.32018226014927
191.92192605826668
199.13866079699983
203.47533885702106
224.89872026151022
206.99490870899984
265.15995730490533
250.36294120816058
464.6134504544525
268.4578114018778
1307.6545400407408
284.779871099394
562.3378173205963
246.7678399429774
273.60034976821134
335.7070366108389
901.6163664268428
513.581602814391
332.81091905742113
313.9540694974374
358.5370925628787
307.6110564895246
258.4323065229789
408.7413137433674
664.5042831657408
407.0166352456556
359.65916060653075
369.2301788677888
362.7226819658048
556.5313327311803
379.13604022928985
461.0219011118328
252.7169307774448
253.71092463026844
364.720084380837
373.7924911131971
487.56678712309673
271.7983168016233
239.2281390193679
252.9246396992743
274.66471309191087
349.7511264808188
404.4816758082524
378.8177288240181
463.64869145524756
481.8814152541957
470.3633150350893
374.08470544732
359.96807796291944
309.1575225951268
349.93921940122203
460.2913987882479
338.4277573103352
365.0641949430634
752.4267068744401
262.07144158013097
262.4037805730815
225.88243203483552
225.6050105692061
240.82347799765927
306.81547446190024
298.88860233265024
293.4979273066051
376.9613849552727
442.279788292075
587.7394599125681
300.5265701120822
230.80556859476707
303.88797599289484
337.03110745983247
305.7196288775091
454.76716546298417
267.3570173028333
272.03473769410505
312.45332465945296
282.94691647001565
241.84119550926883
273.9096960502635
236.59495481495375
372.35680758472506
321.616674548534
241.93898095023673
367.604942891005
260.0607293414217
307.58987196159165
297.44140363910947
461.6828645407768
196.42975034424802
236.01346983432904
235.0840347883249
204.01295377182043
201.13129237391917
205.1115590193308
216.71875766955444
434.7582545421662
243.69217523397097
228.70631354260968
245.91712322964295
283.2618017628373
241.71239800246835
241.23280917053887
231.99762031513842
431.4966895184174
219.48108210116683
204.92449914547043
207.50140253934865
212.71838825258197
212.54554803144808
232.49707640241607
285.90315101986874
356.05606803327555
308.0500399647524
424.9986620599266
480.385549857247
267.4636514027003
229.11366691071711
204.52128710314727
239.28856514081198
192.09115321065775
195.17344318993358
202.29908626921465
317.73930224664
380.8185815554631
280.1746228078908
272.07090269742673
264.77722092791544
206.40303310224175
183.10372047587597
213.58499766291413
217.08141753900506
295.28083686419404
263.6688180699084
243.28494593684988
344.733243053797
276.9978747088278
243.90101569786634
249.9772618361305
373.0804455289376
560.9864534278512
668.1307110807744
326.69258735941787
466.97952028148336
294.5511519117717
332.9539372643766
431.75008445980706
363.37102153939765
695.0284851938394
449.2175088807024
680.219479959543
662.9701140665032
634.5014690608222
1302.7887218550152
743.6845932954355
508.82321827580427
642.5942423542241
338.1985707698623
731.1317920964439
843.8508702885543
365.1422766910716
831.5408699257591
1085.9544476170013
393.4988230601143
526.429949429123
285.377913038914
675.1574546214206
518.4068543744364
259.92555068618117
245.90899552623696
402.82223986160847
294.66409499906865
432.96286046318875
445.3627127249933
449.8317381919276
278.96461858654834
364.4328730617935
667.8674063267276
577.8827682733922
260.79311129244667
746.0781954412586
350.90408496540766
332.53961140977134
383.94884765842573
302.24252682075496
364.82696917910965
502.54258998917953
456.7384610661147
419.1059461311495
305.2060815144181
675.8805015656189
430.5746727780004
602.7616053233764
331.3608342312995
482.8033739073847
238.10549474161675
246.54275184380901
312.079766687959
211.1399867231239
216.94218326512964
363.0823530040469
210.77877126292645
276.1902656014053
267.8036933875691
342.65696080186325
265.6833932626119
266.31381407996867
314.2675478025981
660.909105626399
396.81153605253945
1627.414552278704
297.58380324395904
262.2259842163206
381.89295907101024
279.4994231087361
267.9988378281639
364.79887679362076
278.76307793258985
299.98082082631134
387.17915183430426
263.6781384728799
266.64515922018694
549.8016674085791
549.9130971108873
337.750869773914
691.5812079634227
508.8100837237872
319.15112491344263
718.8152120424706
453.91256213738166
295.6145275546626
540.3533261701912
460.09185354678425
1060.9606776986193
601.8145553712777
1040.3236689030082
1040.427982493156
275.75719951791814
465.02855398303274
278.90231815546593
326.57414825995045
281.5461382483243
568.895588564215
279.6459746911564
390.28423242657504
294.76490139156954
322.7505230433769
404.85207347671576
304.165280952164
294.96896821926464
302.1970613037458
245.06953813762982
222.80501375269822
262.5281292745244
232.90154165212923
228.66225023716882
240.84819337018328
244.68024952227006
246.1597389498036
263.9017654574213
259.530980650983
825.4808502311004
360.30157781996456
264.5510048508576
281.09707223313194
260.03635289476506
260.8548676085648
393.82397266540755
664.2822873407745
215.7129946390479
204.09166626362634
212.52672593317362
258.2896495558034
219.54621021610097
247.04841922769447
235.43231532759688
225.23303717407714
260.7917420102169
255.85960175024678
269.84703005093934
231.42788027054775
234.11179873252345
222.3941432731605
303.71253202991386
241.94680296596692
288.4246447912529
241.31304222958494
225.48143160229756
268.9013715138069
268.36139425237553
305.5645098320261
250.34642377370943
254.7682127739827
254.15550488866393
256.87053616631874
296.90574237232244
275.49734759905266
437.00707234611315
750.1942454035499
231.20063652128098
343.96746526623735
296.74675623685414
229.47515986080262
261.88612833134874
281.76801905291285
229.27237626557638
243.06553108222357
537.4059852356482
292.8403051107447
202.55089942561443
216.9531929407533
216.33579236191957
235.7770815487465
545.4764218656742
366.46271868175893
219.39828105136576
309.73551390504747
451.0816970284922
380.9928594168437
884.2471998504466
439.7390370315897
426.73205709707855
395.34487211268396
300.6121788656899
331.92338677502545
353.67984926082386
349.4043805243564
516.5459173803407
540.5600442615307
597.1751834508627
1180.6453993546463
376.28152695345636
381.0277000985046
551.6281115390112
552.2438645918195
428.9169285781419
278.80933636557796
302.9132336700118
805.7971929063627
589.9645726552814
300.6098302671333
410.58901564922184
324.30876115354624
1127.6230776116322
309.43546550872287
302.3585977854823
245.9126981922974
453.37601208418357
260.1360915501875
319.71103283132487
358.25020755648853
318.8146728827968
308.76218102568697
306.3803290952387
671.6091028478662
295.7360866886148
360.0630816548442
266.24656914484643
303.7104988969735
399.269086685558
272.806027858368
374.4342398042858
452.86807224648874
219.06651604979635
348.8479236183441
342.1285465650796
265.26154775415205
388.04345797949037
454.65020283442783
373.5631718978571
326.9667889705666
259.72171127636284
312.8779553634259
277.539760935889
428.80371525863825
384.70430949846343
381.8154432920004
215.7833374090826
362.37765368090106
253.814858626117
244.58171208369637
275.18376990656014
256.8379119071416
397.22769805591264
321.93972518462533
369.3240843960167
456.5571220634044
346.88269206819524
465.37830523974026
410.28796416748935
477.101921590991
559.2254490080584
467.4125734726452
397.7947048091836
505.425478315625
531.9084092590698
772.745755679639
898.629753862671
417.10109526985246
573.964291805858
505.7722409939048
713.5022498177195
699.2517102502313
665.2012935470377
441.9324516431762
377.9178949310564
408.90982148323707
862.4867336119486
315.52438054757397
310.5029784863035
303.3859473658351
278.29763781869946
287.63729309368364
310.20666015742773
273.24294330890206
539.6220739945304
316.00425497113304
249.75541983889107
319.7705380170937
264.8401202330046
265.32142228893605
367.4676506717937
450.8380047115379
299.5203875399483
217.9986363743009
234.23529859369648
227.34625756208695
223.8636901972751
255.9646563391722
214.9507416724988
266.6765519078329
336.2031970313309
271.02421249047933
222.08699498315795
260.2755726880006
266.820181689684
432.46254466348597
411.83552010038466
201.60779510461128
198.23056121368072
423.30995238536707
662.8563183627701
673.6198807963577
360.59794741380944
258.8070150265544
215.68395288435704
242.53936353953256
231.7378528791169
504.2857244893551
288.87177707892727
293.7404825426918
313.2840603404482
331.9121786961229
427.6456176609233
265.12762872524314
346.23222928554475
289.85952925201985
264.1536003006866
346.7849310933817
285.2460335065347
286.2343114206461
252.32793008773186
314.2612461724747
273.6851778216928
304.5788908620772
264.11601655939353
323.1172898850469
258.5714949913017
250.68069891166866
260.80793979153304
232.1546277048895
227.74034337716432
248.11898270654086
258.7281541718763
236.67353718991532
227.58023296977686
238.9842049906457
457.44415879030606
284.10719822886557
391.0542564240737
402.5405798287662
302.72090884342623
316.082357188287
282.38980900691183
250.42833087349456
288.71166556227166
268.8155915274315
303.3596181795573
294.339824675131
307.7140309033495
270.6991264117858
287.5154947111812
250.47862588692905
267.6320962943478
253.34269332747257
256.3044144203052
267.985396254013
473.35101311768324
338.2041812360845
307.7148546903958
284.9059388201715
389.4292818671106
276.13352196683996
657.0034582862902
311.48471257531185
386.13698210822673
286.9362213608567
249.92926766720302
663.6901416382252
326.53660453548343
231.11505131666894
302.1255119267395
268.1247923195775
272.4608291832229
268.2311877289954
245.0235085729273
257.49995820222756
230.29583879941072
243.57093362420883
298.15885000571217
270.3319252450048
277.20604355554775
291.21656581133436
262.36504171931927
244.81736135932283
246.62630642223715
538.7978901144763
342.2109682760616
2054.11536186
275.91633545952874
328.5257752862575
272.1646649689039
281.10558393717974
242.30894135997124
220.42649451124464
218.08703569262113
216.1486379482865
215.2281824379202
213.59048309602852
232.0751070444887
277.7763642160967
232.1992636118262
278.219136819944
245.06497376835887
256.60385321638364
264.7013343727815
436.9252319472034
346.97533354612654
438.77408070577627
280.1960727567998
245.9421934524436
250.22786194408306
271.5434350137846
305.25635442180334
249.31483774721892
247.63510763102167
256.9407710402663
259.37113290168395
231.55393638331518
247.156797589313
239.83695328333496
236.32686340297838
239.43894024687384
249.20951507490864
251.7593999186042
266.02702209463547
664.7066717554555
673.4188366251207
261.06020561606994
272.72036823393614
281.2792349548025
270.7804389513859
287.8836401278096
263.6753111177387
262.01326767679467
295.6979228925928
404.2148424057831
276.4874060961513
238.28827960340993
269.86169334623054
252.22489566139012
228.16060594855864
268.3107067758819
266.49395997650686
277.7266893512272
275.7059224129567
410.10140324485724
557.8650752217442
328.7602830998865
467.9071165104011
392.7010245457796
691.0414739992525
461.14122339094774
316.89248873010695
383.6240155131378
358.3066225509864
346.09769046864324
488.99906698275475
395.28794786681965
444.85003658602506
524.2122360373345
451.0468795743673
239.9276278024446
279.39075558673903
320.31868090073544
530.23901157765
658.7294797722342
267.5310022708591
279.55016393012403
346.36210078605706
266.75406483816437
287.81428953731796
293.8226564224379
355.06459369018796
339.23321066242175
347.3938410704348
403.2789194772533
1033.3059750408563
281.35948219322313
286.7293984136624
249.4657244145454
543.9785520538187
376.42121609330513
329.29112254316476
493.4786283595921
418.52915092280955
513.793904939921
656.7457576132767
403.0444104384979
410.47856505044024
416.8147838358016
368.24992506556
521.374156630962
609.2781864433362
309.7574333368793
396.7738613057785
276.3538117368786
287.33300162448296
295.324861350239
370.7496559845056
382.90566963016033
663.4075704029509
275.9369638412126
226.92226650499447
212.7964776843182
234.03360669302182
356.6623274914116
229.66618068152076
202.64457788161783
206.44351898304473
217.8172610326288
209.8313069007387
468.9146548843851
408.26063211699693
328.85783241970324
367.9586146093678
336.00605921847813
296.6692100505298
367.1354329733887
320.2329318839615
405.7581282804713
340.96351792800414
484.4911400960833
337.7980369721768
287.1245774796889
343.6284946828777
339.0785949768847
428.7514925565736
353.2538621549249
438.43203879152105
217.03350211006114
208.39302323211894
302.6748231115317
293.6025635801441
302.9880111945415
252.53563682925744
252.1078425251858
229.79518397442547
269.7873858650765
