70.91019212955449
46.36797385766379
46.3675972415708
70.91424145939905
46.36794468929215
70.92121449875123
46.3675972415708
46.36770534063661
70.90580399632843
46.36794468929215
70.87944824052663
46.36797385766379
46.36794468929215
46.36797385766379
70.90580399632843
46.36794468929215
46.36770534063661
46.36797385766379
70.8733955611095
70.87944824052663
70.86059724889495
70.92825311773669
46.36770534063661
70.92643627954695
70.89609554498058
70.88525682970418
70.87944824052663
70.89081011961834
70.88525682970418
70.89081011961834
70.88525682970418
46.36797385766379
70.88525682970418
70.90109890463229
70.91424145939905
46.36634339474151
70.89609554498058
70.90109890463229
70.88525682970418
70.89609554498058
95.70158618080583
70.89609554498058
70.84693167750017
70.90580399632843
70.90109890463229
70.88525682970418
46.36797385766379
70.88525682970418
70.89081011961834
70.87944824052663
70.82493204370864
70.90109890463229
70.92643627954695
70.87944824052663
95.82701840283163
70.88525682970418
70.89081011961834
95.72426354299735
70.91019212955449
70.88525682970418
70.86710886219497
70.90580399632843
95.75702946249967
95.79820434415876
70.90109890463229
70.86059724889495
121.13406333830864
70.88525682970418
70.87944824052663
70.89081011961834
70.91424145939905
70.87944824052663
121.06263666597607
70.91019212955449
70.89081011961834
95.75702946249967
120.84260118893471
95.80801586123938
95.78819440345637
120.98473096408736
70.89609554498058
70.91792604857773
95.3860192603482
95.74627943118762
70.86710886219497
95.77799177517434
95.62985674019292
95.88616696277616
120.97117770206133
70.91019212955449
121.05007681162647
95.86233274845902
95.75702946249967
95.84514615839505
70.92825311773669
95.87849776720556
95.81762277451443
95.75702946249967
95.86233274845902
95.83619549678471
95.84514615839505
121.12265298785245
120.90116070031057
95.57918352769374
120.520346322961
121.11103747859464
120.3431714827972
120.25102672141665
120.30658818088463
120.91545510550246
146.39636278190852
120.88672582492168
145.7887103315727
120.37938125962287
120.98473096408736
95.6663915484714
120.15664288169965
171.52081263626815
145.1482844109778
95.87054865668547
95.75702946249967
145.562498477012
119.75831547264173
120.1946593893262
120.97117770206133
146.1162440665897
146.32917751394416
146.46147842557045
95.89354141893426
120.23232618920028
146.0417596362597
120.71927547260965
120.78193275239063
120.79729070044499
120.48570093523314
120.6710403265245
145.34802910030908
145.47768431251671
120.92960660928722
95.83619549678471
120.3249261173759
120.85744388170238
120.84260118893471
170.92964370383476
120.95747063006233
146.50888047636835
171.2092760676856
145.4990114388528
120.99812734637163
170.08091602718162
146.46147842557045
136.30145731852457
172.30716040389498
120.98473096408736
146.42918687316953
145.52025654808565
197.2783759090429
146.17099491925464
146.42918687316953
171.79457815073255
146.0792101067767
145.86828940292145
145.96564166268544
145.26001751337566
144.94251360661042
144.41583513144045
171.71203044357333
145.96564166268544
146.06053641080757
171.2092760676856
146.20694851778217
169.87009436648384
146.02288079793775
145.62523196418078
145.98482085961868
145.1257130378347
171.36710592047754
120.76645058012564
172.48962921641245
146.53976480225685
146.4774193531232
146.00390088452667
146.27749759116583
145.1482844109778
145.82868472245414
170.95336813952585
171.6279619585897
145.23782216252138
170.66382657301003
197.15734232800418
146.27749759116583
171.32242379766384
170.71280651412008
196.95969802823822
146.2424529498537
170.97701736919475
146.18902722513323
170.71280651412008
197.89586025105947
171.6279619585897
145.86828940292145
197.2301976289225
146.4454002259068
170.31321099053008
145.3915664141048
170.54014749244945
145.45627571550298
171.23206830353692
120.98473096408736
171.04750952940194
170.5650224223703
146.1162440665897
120.94361267050944
249.771524555209
146.69829311013083
170.83400218096463
170.61456428625772
172.27215649197154
224.15135602766532
145.94636420999942
169.7093787536913
197.7864033414024
171.34480662332683
170.97701736919475
169.5464893528495
170.95336813952585
171.83526500133638
171.14041954232798
145.96564166268544
146.31207113729863
145.562498477012
170.6392305479142
170.76150125849364
145.98482085961868
145.76858638133746
146.34616153328423
171.60671310077785
159.83694907423794
171.71203044357333
197.15734232800418
145.17078143323474
196.9346561186249
146.57005184437796
197.83046945734569
146.27749759116583
195.65240240549997
171.7328119718889
171.60671310077785
171.52081263626815
171.7534976588911
146.57005184437796
195.9869217290744
171.54242210803503
146.09777968215798
197.65200362124577
146.3797558927901
170.1069848145623
197.7864033414024
223.14197090738477
197.13290230205428
172.30716040389498
170.08091602718162
146.2600334341617
171.83526500133638
224.08009941085535
221.08495477733186
170.858023316996
170.26204559770088
146.1162440665897
170.73718971741926
194.71918204825425
197.60648844670183
171.47732902923795
250.16348108160201
171.47732902923795
197.03437936211725
146.00390088452667
171.00059096708316
171.85545855730672
224.19842286889255
223.45759860284292
146.20694851778217
198.02401082750976
223.88634439260656
171.54242210803503
172.18239935024448
172.39228933260216
198.4233483414298
277.13414406286313
197.18170519316072
196.6285336711325
223.6621466029284
278.538187007844
250.64736566603855
222.22386501874243
197.25432627455066
278.4297388220287
278.09748139314394
197.58359970168857
172.12707075958988
277.52193900125576
223.19528699606937
197.49118470511755
223.78749429430556
196.06916276522858
249.599597934537
197.65200362124577
223.06147601659592
198.00290177314514
197.67462877044446
223.1152083842019
248.58366093391956
197.20599044635114
224.29148321163504
171.8755509536569
250.7256892974789
223.98389079282538
222.8986430549169
249.68585014257994
197.03437936211725
222.36743391251727
223.22183989341357
223.3273424873314
223.40571502264436
224.62698599246008
277.1944788761242
196.65443223808447
249.68585014257994
248.0189590882966
278.9340289872231
224.17493362393444
276.76714038031525
278.5651137627033
196.52425127715267
223.37966342256655
276.2011414383371
197.00956005054672
197.2301976289225
250.24573790190902
197.2783759090429
223.53486909861982
278.4297388220287
198.10741841800646
196.1236747793802
223.53486909861982
197.46786891524545
197.80848311026548
251.69825209633063
250.85468270312882
222.8986430549169
197.87415881651572
222.33884281478765
171.89554122589396
223.00746935148177
223.1152083842019
222.31019014967214
277.8704342592614
222.19496834008615
250.9816940190726
277.9560829929843
251.0319299302434
224.67001390256354
223.3273424873314
197.76423089765362
223.81232726446763
171.36710592047754
223.40571502264436
279.408907849337
195.70876303099874
197.89586025105947
278.3201231215669
196.09645047244825
221.69464469015085
223.50918677745517
222.9259504921216
172.2006007212491
171.7534976588911
223.14197090738477
197.58359970168857
249.27850552368193
171.83526500133638
196.41888297711384
171.79457815073255
171.81497122650515
197.2783759090429
170.28766121481374
222.19496834008615
197.83046945734569
197.93897255169543
249.24894572240675
250.1359234630993
223.37966342256655
172.3416284027067
197.6971647525959
224.03216455070557
197.85236161944673
221.08495477733186
223.95962823720026
171.6279619585897
195.9869217290744
197.46786891524545
195.8207607024399
198.12800816405667
171.29995800587182
223.6621466029284
251.10666160755684
221.6646910469763
224.26835396681093
220.70872738872293
197.65200362124577
197.7419665101496
198.34718054219886
249.99710960546616
223.6621466029284
223.86175281021056
248.98020552825452
171.25477972180815
222.53767447054992
197.10838555918775
197.4444694560728
224.22182311608933
197.85236161944673
276.5178314730344
195.90411892018895
196.73170981999286
224.22182311608933
249.2193253065559
223.7625818409202
196.83375822369692
196.47170163697857
223.1152083842019
197.2783759090429
248.98020552825452
197.80848311026548
196.36579767354905
197.93897255169543
196.01439814781693
197.32623620727114
197.4444694560728
251.37405619676386
250.64736566603855
224.03216455070557
223.83708026722996
248.05079381961454
250.95645320709602
222.8986430549169
250.0528390575296
278.3201231215669
224.337465838443
222.31019014967214
197.83046945734569
338.74439972748945
196.8083530711341
250.40834925716098
250.88024543246559
196.25883633335272
250.5947706083165
223.56047636945533
303.99848229636507
276.32848163166534
197.6971647525959
223.73759038049053
251.58465170010535
248.58366093391956
246.9056816645819
220.6134887060201
249.599597934537
222.7611104001236
278.77779611081775
248.98020552825452
223.63684372304297
278.29253953930527
275.3858628294139
196.7573285137973
250.90572841716642
223.14197090738477
224.15135602766532
250.7256892974789
250.95645320709602
222.6219442781729
250.51531727555616
249.74303105356705
198.10741841800646
223.73759038049053
249.74303105356705
224.71261654995786
222.9259504921216
222.56582798193938
197.83046945734569
223.5860081774897
276.07292791029073
249.65716326004812
223.93528262898147
250.95645320709602
278.6454429380046
247.69769689133236
223.40571502264436
222.10791645265064
223.27473368860825
223.48342981216788
250.08060213701276
197.93897255169543
277.81300266672196
248.58366093391956
170.95336813952585
223.30107388979786
277.9560829929843
223.83708026722996
197.85236161944673
197.37377456473374
220.64528682799713
223.08837664632102
196.5765294575036
197.4209868827731
222.8986430549169
197.9174651075325
223.06147601659592
223.81232726446763
249.13010253983347
223.40571502264436
197.46786891524545
196.31244804061805
250.8290407056208
276.3918209809037
277.69735183918544
197.65200362124577
221.87316134803638
277.5806653556698
197.00956005054672
198.0867227869905
276.67407735158173
249.04034195021015
277.8704342592614
223.71252038139852
305.7388917070412
223.63684372304297
223.16866388859978
222.42443048001945
278.6454429380046
222.7611104001236
171.4554561956336
195.68061268889468
222.31019014967214
306.08877444718786
274.9491837626874
251.65311309887903
277.2245555000768
197.35004588140055
197.39742174051443
249.5707199998787
276.2011414383371
415.6283765093848
250.0528390575296
279.0619936188347
224.15135602766532
338.4670897975563
223.1152083842019
249.771524555209
337.2130855812413
276.85968387166525
277.78418799770543
196.44532578453456
220.8664144230153
249.88484590560336
336.09068379297725
277.2545713073826
306.82798545912766
223.43169354358312
272.82902985135206
275.9114481621822
306.5853787575939
224.10393830508656
305.9305728104382
248.36616933547862
249.5707199998787
249.24894572240675
284.3451188471766
224.24513370623689
276.6117492093852
304.37800018268103
248.303530199306
250.4619791687295
248.52179946915516
306.82798545912766
247.00626314521048
249.74303105356705
222.28147614532963
275.1181398221965
250.9816940190726
276.1691695321906
276.79804619182454
223.5860081774897
278.3476352008564
304.8524125502408
248.85922943821805
197.3023460501334
250.02500811235623
245.84096942538727
223.00746935148177
250.90572841716642
222.02032624323408
223.7625818409202
278.4841103670014
275.08444814388815
277.8704342592614
250.08060213701276
247.56772762732462
306.52412397276964
279.33603462176893
224.29148321163504
278.15356125320295
275.15178149596113
223.03450681355372
250.02500811235623
224.58354095868833
338.83577125160963
248.1775954773001
250.8033199087025
246.43050442678373
250.75164375429173
275.6174450630429
222.10791645265064
277.43337627277714
251.4685982690876
276.79804619182454
277.89905061416056
277.4924809367138
223.71252038139852
276.3918209809037
277.43337627277714
221.20865448552448
249.2193253065559
248.98020552825452
222.95319088670345
250.5947706083165
277.13414406286313
277.8417515147607
307.8411977259592
278.8040335071196
276.98225797242526
276.6117492093852
249.45457890852447
275.94385110606004
221.72454124901404
276.7051557715771
276.85968387166525
250.02500811235623
247.7300594830843
250.35443050279187
274.400290979388
250.88024543246559
223.91085450497098
277.8704342592614
276.7361768437116
248.20916081894592
301.0719503803597
276.23305876292324
277.72636230984875
375.5584123893214
276.10506261103694
249.85661401614632
247.40410835432306
276.9210883277534
340.8482853488205
273.51834932160847
248.950049115269
248.1143024022309
249.79995306440713
223.03450681355372
250.27301706683926
275.21891434653725
248.98020552825452
249.1599035007931
247.37123141991344
303.7188243823232
250.3002257845634
222.7887487100288
246.53312380984306
250.02500811235623
248.49078470043
246.08535713002914
276.13714320380575
249.771524555209
248.85922943821805
277.40373016086323
250.1359234630993
249.88484590560336
249.85661401614632
277.60993314096174
249.4253875104521
248.0825749739565
247.8268337638451
278.0411262786803
275.78130585923515
307.78554073118346
251.0818347253303
277.01275423529006
248.70670670065482
275.74863837590567
277.72636230984875
304.7178669493096
248.4597141349603
332.70037231587986
223.2483222395529
249.54177888455106
276.98225797242526
245.98089797423273
257.4773062170705
276.8904153511416
223.63684372304297
248.85922943821805
248.303530199306
247.9551294843161
224.15135602766532
336.12547135362763
249.3374423984015
251.42151256692122
249.51277483536984
197.58359970168857
249.82831630966595
249.3374423984015
223.95962823720026
250.51531727555616
277.2545713073826
247.23921755452182
222.4528354801746
249.96914383694258
249.96914383694258
305.5776497921953
249.6284124388136
337.96263821200375
249.18964449413772
276.13714320380575
249.36681902363867
246.9727852747476
232.12437278066656
276.00849680336876
276.8904153511416
243.91924669679054
248.88956087531596
276.8904153511416
246.83838163217865
249.88484590560336
247.89108732786036
278.15356125320295
277.60993314096174
304.37800018268103
249.1599035007931
249.65716326004812
250.54187595298188
278.3750754198062
249.18964449413772
277.43337627277714
248.73732603145987
249.599597934537
249.65716326004812
278.4024434160329
251.53851890864755
273.51834932160847
305.34964914745933
338.7138230574293
278.29253953930527
275.8789920194179
247.46970952134816
335.9860385519612
275.81392072309774
275.05070658063494
277.72636230984875
275.7159184147893
418.9462781637567
274.400290979388
277.63913699033094
276.7361768437116
275.8789920194179
338.86610818806025
249.4253875104521
276.8904153511416
277.52193900125576
276.8904153511416
277.13414406286313
303.7539472499006
276.98225797242526
278.29253953930527
336.12547135362763
249.18964449413772
277.9560829929843
307.41694999073127
302.4972923548669
277.75530778683253
334.7712345968758
303.114621840642
306.7374641728679
307.12567740718623
305.8349809703194
306.33893968076455
304.44636992534873
308.24924507572894
371.1143275086873
303.89396652980975
392.12599832467384
275.97620070293885
303.3650261420169
276.13714320380575
335.9510629723175
337.57505726931674
337.80208794459867
368.40981638129796
372.8602938068197
412.47326842679087
474.0030139516679
301.3771021649215
416.3864441991415
412.31514085801683
561.2437757002776
305.7067522004055
419.99205500635054
563.924634574252
338.9868486536231
338.1534895355222
1141.9137294085733
685.1464905477302
477.70745355198767
415.002393304994
284.3451188471766
370.9304168443413
373.60911426346394
477.6751383110933
475.9074958940401
415.8829590018129
475.9760889483262
687.3962739287338
313.97008079725947
451.117580707071
417.473466992939
685.7701922858224
415.002393304994
419.9611585981948
371.00410471229145
375.03515236279316
333.8831023602847
336.60748310939397
337.70510939841745
392.12599832467384
372.7911034767228
307.41694999073127
371.18760249923736
278.0693380838776
305.18520188266484
477.1856788672413
451.117580707071
476.7878532624657
337.14660133201795
337.80208794459867
418.6849255971536
374.1063502510594
375.2216918249281
336.12547135362763
374.6242552801703
869.6334389448117
451.117580707071
476.55327999937674
416.27919892764055
335.77548601680616
685.7701922858224
370.5222153679088
476.1810047700699
372.8602938068197
561.1203606664634
418.320804145189
684.7038247533659
371.406427777643
476.85453703744975
4141.434888671682
307.58851681114993
478.37670366098297
661.3608893092394
474.3272735392502
451.117580707071
415.408679621625
419.8681629428813
475.66629739683907
11606.150828091597
477.5779539244123
2955.109344559138
1544.0427632400665
476.04453846777477
479.8643289051126
685.581982048778
476.9210698469726
372.54750783230315
372.5824425400761
559.4040445155265
687.1718332325058
1142.25677226802
560.934246530497
1144.212189506329
1542.5689522679763
417.50787411662606
413.37195826247023
372.54750783230315
559.2405747375801
478.40811820806437
419.20464560125384
1143.1613182233289
333.0093331391713
306.4009027765664
419.64940586611647
418.0188794458066
684.507959952705
338.34233139538253
535.8455321202196
688.5671692887745
418.78327863713645
418.91377104222374
418.486989367087
562.7398843660969
416.45774384950704
2123.1933040851877
1141.66885603239
1144.120760115939
1143.4674376162602
869.4684744550752
2124.002490823183
1144.785431879451
871.1543286379139
868.9188862281634
868.5054285921168
4142.165141055307
11606.1274704946
23182.470522495518
870.3505581863607
1543.3980753923245
5828.489287550677
2955.2495113615687
1144.0472662522357
2954.7859738022644
1143.3531758314016
685.1190317145497
4141.925736844149
1543.7386792468415
1142.6346710511054
848.4359919461186
4141.884025485096
2122.9468346505373
1143.917911669396
868.5054285921168
1142.3168309989894
561.2745462113742
1141.8323527257705
4141.757754003534
420.4492449442752
564.6213779431312
683.5671864529751
1141.6483497380957
686.6376664585715
2955.221603397503
476.9874510688497
1543.9217784457087
2124.310509864031
479.8935368408643
1544.4444950526429
4141.870079186436
421.241099527175
562.6817623255764
686.1422664036215
2123.021160817181
2123.119750305189
563.3409851507586
1144.2304165411324
684.0268552950181
685.2286987129795
1143.7127672546376
686.3783264535376
562.6234914703697
685.064030220426
685.1464905477302
1144.7325899871792
478.09209523292765
871.0005944280251
477.1527367727443
869.1831621896454
685.8770953502728
1543.9065940842693
1544.5615138214607
2955.351296162868
11606.478607762047
2123.7457649389
1143.7127672546376
2955.1187374788187
5827.7581891122745
8219.117205803745
2123.7221790410094
2123.663037435255
2955.052843324157
4142.015447032693
8219.483135004115
1545.2153842143316
5828.094609546711
5828.193083413567
11606.10103427655
1143.0647323235078
2123.339398252431
1144.212189506329
869.4684744550752
686.6891555332214
2123.6274319635036
1528.5991652622886
869.7973036382102
1143.2190604512896
5827.096873848944
5827.637317626079
2124.048622614115
1543.9065940842693
1545.0339829201305
1140.9421847865688
1544.1927533230112
1143.694005810069
870.4867445902188
1141.8323527257705
1543.382445298796
4142.3975387299
1124.9603151402127
2123.327275853004
871.0226337832382
1543.7999263406969
2123.6867243000443
869.9368720193597
1124.9603151402127
2111.2478725533833
2954.366281883447
1544.1329243131606
1144.284979130737
870.4641071943236
4141.987941599694
2122.5068741844134
2123.5081016178065
2955.1375026854976
1143.2382727714064
1142.9287864673306
1543.5846381353826
1542.3238036992414
1144.10241571194
870.4414455915203
684.7873605769344
2121.925860037944
2955.0055719864936
687.5197615604628
1542.4712042502051
4141.800032129855
869.9368720193597
4141.911854388058
871.1761869665407
478.7199297469382
868.4318427434806
1542.5526899737301
1542.2744644679105
869.0633582208594
1541.79232194429
684.9260400891337
869.0873620599818
869.3499776199308
2956.047070967631
559.7287288247765
685.6359021789164
479.59930007020586
869.6099395696009
848.4359919461186
686.0630306867924
1543.7846345166286
1142.9482587721136
869.0633582208594
2122.9344152139674
2125.1932851910806
2955.212286723537
476.5869022510233
869.4921075737226
1124.9603151402127
11605.611772332586
2121.8076722315495
8219.088960497726
2123.863081363373
870.3049706312576
2123.3515111046113
870.4641071943236
4141.139725758231
2123.119750305189
5828.084160618821
4142.218895519774
563.1425072493637
684.7873605769344
686.3522206264466
870.6220575562994
2122.404818159875
2123.932974944242
686.2474886753423
4141.821101187982
5828.290091563537
4141.729465621967
4142.131358435
1543.3041048886346
2955.864423250118
4142.144888538386
1542.2579953493803
2124.3442364657226
2123.5678902980244
11606.044682410486
4141.449449284068
2955.969235226512
2955.6782483362795
11606.156646500229
2955.934427615391
871.1543286379139
4141.877054982036
1543.3980753923245
1143.2766445711145
1545.005831990167
1145.7835510271232
869.0152862503144
561.1512642377003
562.4771681117412
868.4809205198648
1143.486418355033
1143.7689402785659
1143.6564275023936
4141.994826148556
4141.651252705415
1543.3668025124905
4142.590770227519
4141.757754003534
4141.750689600577
2955.3051369463387
1144.120760115939
8219.117205803745
2955.7228876462514
2123.0582007960957
8214.452359541056
2123.555952250043
1540.7661350524313
2123.021160817181
2945.5670082982474
4134.096803357548
11605.963373264054
1143.7315101739812
2123.1320325003426
4141.072301931967
4141.019610717403
2955.969235226512
4141.9395978701095
1143.9364481520397
8219.380681153529
681.9992034357184
5828.10504277211
5827.418987064787
5828.047466486436
2123.7221790410094
4141.109804581491
2122.7344859542427
2123.4239867771516
2124.002490823183
2955.1468749496676
4134.096803357548
4140.70669866615
5827.7144317318935
2111.2478725533833
16399.744933175953
478.2190030146494
1144.626336986335
869.4448191970486
2945.5670082982474
4141.072301931967
2122.7846817777545
4141.280856024757
8219.268204477394
4141.034687572057
1543.9823801134116
8219.040237909181
5827.503561461298
2122.147321996563
8219.023913219427
11606.17115548175
5827.581822760322
2122.3792192699357
1528.5991652622886
1141.6072912772966
685.4466758801345
2123.4360323228493
869.1831621896454
477.54547987441083
661.3608893092394
2955.0150397787625
1143.1613182233289
1543.13065267078
871.4364301784158
1140.5188880297387
561.5499678357935
661.3608893092394
479.420492889284
686.2212288940365
478.6268349432488
535.8455321202196
562.5358077801737
535.8455321202196
868.7007489313247
2123.7221790410094
1543.860959958777
2955.4156174282707
686.4564575569368
2954.4156769204387
5827.559529628643
1543.3511470559404
1543.8152048226843
2121.3957077914642
2123.757542650538
1545.5159246241901
2123.6036450859892
1542.5526899737301
2123.921352119679
870.8456054536125
1543.936949256111
1143.917911669396
1544.3856348986037
2123.4600943445425
4142.641317573681
1544.8070045287238
4141.57962281666
4141.485766597655
5828.01586351112
2955.165598742242
2945.5670082982474
2123.4841174899175
5827.692468683131
4141.918798290163
8218.620182340574
4141.398403426915
870.6445239648317
1545.5696658533943
4142.481972086523
5827.9041768035895
686.1158847624391
2123.863081363373
2123.781067500797
4142.12458488823
1143.1805831430147
2122.684149279528
1142.4961321347798
869.0152862503144
686.4044012678141
868.8463633499057
1544.8070045287238
1143.7315101739812
2954.9581321318515
1543.553673194164
1543.319798221731
870.396049980846
2123.1320325003426
2956.029832194986
2955.3972760451793
4134.096803357548
11605.874491035886
5828.06321587022
4141.442171376852
4141.507498944986
1142.4762750174696
2945.5670082982474
2122.5703812692104
1143.3531758314016
1142.8115952757869
683.9983189445321
2954.8914357751023
2955.5341235520955
4142.391000535298
1142.7134714216697
2123.7221790410094
687.3714726170437
685.4195284208978
870.006345799361
1543.6926048108653
2122.9095492657575
5828.228996472778
1142.2968275340545
2955.2402157284646
686.1422664036215
869.4211418422456
1143.4484388474916
1544.4444950526429
1544.9351758991747
685.608956628458
870.3049706312576
1144.120760115939
687.1215855288754
1543.272680501124
870.4414455915203
1542.8275507674393
1142.6346710511054
562.35945069427
2111.2478725533833
559.2077913658977
1142.6937963453627
1528.5991652622886
1544.7640016432917
5821.927719219557
1542.730930929466
1544.6775831792763
2954.9581321318515
4141.757754003534
1143.4674376162602
685.608956628458
1528.5991652622886
1145.2521896051803
1142.9092970924082
2123.979361114985
1542.9397294301034
2123.6511789489987
2123.4961144399203
2124.47811592271
867.9615552078525
871.0666354239418
2124.6757735278093
1143.2382727714064
1545.1040786482772
871.3933225037949
1544.3708836674439
1144.855589215269
870.8233629812393
1528.5991652622886
1544.9493388173732
2123.733977062528
4142.022309706895
2125.1727864499294
1542.2415149050883
1144.4115944545013
1543.3980753923245
684.7038247533659
870.7788027469958
1142.8702672594695
2124.3442364657226
1141.4424492851235
685.6897059410647
869.9832109926068
563.5375253790494
4142.520583374333
1544.102926069043
1143.8249455003381
1543.6001011251265
2124.1289400698574
5827.548362816965
4141.925736844149
1544.2523574838165
1143.0840842318003
1544.0427632400665
5828.295155679966
2124.220078840739
2124.47811592271
1544.5760747635643
2955.268081502915
2123.792814599771
2123.363614392703
1544.4150939927194
4141.302987589259
2123.781067500797
2955.5522444525254
868.7007489313247
4142.258967900855
2955.3051369463387
2123.3877922088814
2122.6967466050896
1142.792004143952
1144.5550846940919
1143.1998305637183
870.1905855241779
685.8237029009757
1143.2190604512896
683.912554461144
2123.8980750809415
687.3962739287338
686.8173176930901
1144.2486238544657
869.1592445206262
2123.816278045574
1543.3511470559404
4141.9395978701095
562.710841994451
562.2411538340149
685.064030220426
870.2135099076436
477.0205846378302
683.4512512412464
868.7979092080071
686.7405168148252
684.8151513065635
686.4044012678141
685.6897059410647
563.9792709336947
1143.5432520215059
868.6764065785742
1141.9543241347583
661.3608893092394
1542.4712042502051
2123.0705291175896
1143.7502345285473
869.0393329379366
869.515718510167
1543.2569494906818
2123.4360323228493
1141.5249915340312
1544.9634859250082
1543.7233343087426
535.8455321202196
1542.8917250506431
1528.5991652622886
1144.6085549990805
1543.630988022765
870.8233629812393
8218.833254566705
2124.4002204805133
2955.052843324157
869.913667948419
2124.2314216779073
1144.4655561554553
2955.9257053452206
1141.8323527257705
870.3049706312576
1144.3935667576848
1544.102926069043
1542.3894297453978
2122.684149279528
1143.14203583864
1143.4674376162602
1144.519334726178
2123.156569059637
1542.7953917884622
5828.177631066688
2123.6867243000443
2955.2309130697854
683.4802728129127
1544.0427632400665
4141.863098107425
1144.2668113999025
1143.6564275023936
1543.8304699369148
1124.9603151402127
685.7433928292494
685.064030220426
1544.1329243131606
2954.4156769204387
4141.785960105371
2955.043402603244
1141.0471068856327
1542.811477248197
1142.7527713603824
2124.4336735500096
8219.252499488875
1544.8925926707157
2123.1320325003426
1543.6926048108653
2122.9840386340184
1542.1423953387296
1143.524325594838
684.7873605769344
684.2542068904903
2123.3998667029123
1144.0104035122968
4141.398403426915
4142.022309706895
2124.208724945701
562.3889345882004
1145.115579815887
1144.339362964321
684.6759251082422
8219.23674916195
2124.321763354045
1144.785431879451
2123.0705291175896
5827.994718226142
2955.4064503617324
1544.5760747635643
1143.7127672546376
2955.1187374788187
5827.8288090963615
8219.060585034042
1544.5469380457998
4141.57962281666
2123.1443054237116
2955.0905381438233
1544.8070045287238
1142.9482587721136
1544.222583626594
2122.6715432053297
8219.216997948579
2123.5200790057297
1143.3340696466255
1544.4298017927852
5827.287886723088
23182.489317249176
16399.876693527884
2954.9581321318515
2123.6867243000443
8219.007547024832
11605.911460551522
1528.5991652622886
8218.949941927764
2122.082430315369
1142.7723961618779
868.5543829296028
682.6583090313529
2954.47474789885
5827.615160664231
4141.66551871743
1528.5991652622886
1144.8730748627681
868.7007489313247
870.7788027469958
1528.5991652622886
2123.8279943521775
1141.9948561798758
1543.2096814544107
2123.555952250043
2954.445240204532
2122.353586625958
4141.750689600577
2122.971646375311
4141.456722386122
4141.778916323563
1543.2883989744205
2955.3972760451793
5828.300215583985
2123.242153133504
8218.962327927618
2955.687191590922
4141.62981606978
2955.4613435540887
2124.2427534329568
11605.893009081086
2955.268081502915
1528.5991652622886
2124.1631992672874
2954.296872541463
4141.932670040612
5827.548362816965
560.6214467907719
4141.842123260608
4141.383775992637
16399.620626216325
2123.156569059637
4142.312068342888
870.4414455915203
4140.188295571336
4141.199350577257
479.20978743249736
684.2542068904903
685.7433928292494
560.934246530497
1543.6618226498
1145.37051800972
2955.8115837047985
1544.3117349079334
8219.248566145927
2955.342078615847
46348.00285225021
1144.1756764566342
11606.062556298126
1144.1939427962045
2124.0255780482275
2954.1771970634572
23182.42041660113
8219.205113677255
2955.479582795218
2954.2271667947425
4142.104230396475
2122.557697058323
2124.1289400698574
5827.35649888661
16400.035604433884
5828.01586351112
4141.471254145787
4141.434888671682
5827.752731808516
11606.032726673398
4142.325283993285
5828.06321587022
1144.644098161832
1528.5991652622886
5827.458547274995
2954.6894161624464
5827.790858205995
1143.4103873665592
870.3505581863607
1544.1628668077758
1543.6618226498
2955.5793697808626
5828.193083413567
4141.743620063688
5828.000010266466
8218.379216260711
5828.187936680733
4141.420308896173
4142.015447032693
1543.2096814544107
4142.077012483725
8219.084914796918
2945.5670082982474
2955.4613435540887
16399.896716429786
2123.863081363373
2123.698552640413
1142.575396286516
868.8463633499057
1543.2096814544107
2955.8027493779523
2123.674885891949
1544.400371684149
5827.850415800524
5827.45290565104
11605.843481159978
2955.0905381438233
1144.9601780740795
2124.1631992672874
4141.29561505803
2122.6336726255904
8218.667560674105
2123.757542650538
1545.0620696491771
4141.57962281666
1540.5739924820857
868.2099826482996
2123.615543501896
1143.5999220782235
5827.670449831601
4134.096803357548
867.811543591137
5827.609612865321
1142.4564015260828
4141.325077160763
2955.165598742242
8219.032080767542
661.3608893092394
2124.0716243430256
2121.8208360936
1140.773554622178
478.75087506196485
848.4359919461186
687.1467261329866
8218.974691077674
2122.8347358643996
1544.5760747635643
1544.2523574838165
2954.3266558630785
2122.340757677004
1141.8323527257705
1541.8091020088702
8219.564920902178
1141.8934086037807
560.0183386715514
681.3595341288775
848.4359919461186
684.2825077381588
1143.6187755631008
2955.7050550412914
5827.384951135548
4141.9395978701095
8219.264282497177
8219.51678112739
2956.7856469377316
1541.6745578018072
868.3334416338125
2123.0951581618287
869.3499776199308
868.3087903990669
1141.1098846108362
4141.154659229903
4142.481972086523
2111.2478725533833
2954.4156769204387
2955.2309130697854
1542.779294407538
868.8705587915421
1543.6464118822753
1544.5177421269234
4141.572432531372
1528.5991652622886
1144.1939427962045
4141.550832114951
2111.2478725533833
1142.6346710511054
1142.2166527362956
5827.747270960361
11606.11574170351
11606.145001258948
4141.6083344844155
8218.245021203225
2123.119750305189
4140.783683759663
5827.401983710287
4142.0291668875525
16399.813663589914
5827.1085459375645
16399.94297561796
16397.041251512976
11605.954251932768
46347.933238480626
11605.852803233842
8219.036160641073
11605.733536981601
2954.4156769204387
16399.5728016394
23182.48249642513
2955.6782483362795
23182.578179169454
32777.08283468392
5827.12603121395
5827.888087085443
2954.3860582811385
16399.679709026546
8218.925101762727
2123.2786911171006
2954.6991009077265
5828.10504277211
2955.3236220523695
8219.318928886796
5827.3792671370065
5827.559529628643
2123.863081363373
5827.253409328853
11606.324358736136
11605.840370179732
2122.3792192699357
11606.011728153873
4141.485766597655
4141.258682647697
2955.8556365516033
2955.5341235520955
2955.28662339704
8218.87097276513
5821.927719219557
5827.62624600159
2955.388094491545
11606.062556298126
4142.165141055307
11605.796627794347
2955.1468749496676
8219.346038594806
1143.2382727714064
1544.4150939927194
4141.347124556909
535.8455321202196
1142.2968275340545
5821.927719219557
535.8455321202196
2954.533595567496
2124.729985832874
2954.757074337306
1542.2579953493803
1544.8925926707157
2123.0705291175896
11605.996670479673
5827.909532651526
65541.18016033406
2954.8052076174226
2123.5917367343814
5827.845019573924
1124.9603151402127
1543.6618226498
5826.961778250068
1542.4221740592768
2122.7344859542427
5827.08518960402
1544.0125991033308
2111.2478725533833
11606.133322432906
11605.708105974296
4141.177025401068
16399.719431061225
8218.769954033094
2123.932974944242
16399.749552788893
8218.602885145283
2124.1631992672874
11605.843481159978
8219.349899644458
32777.1649554981
11606.12454140607
32777.01240562883
32777.14877385417
1528.5991652622886
8218.891841272214
2122.5068741844134
4141.413011840118
1143.917911669396
11606.245733007041
1541.9095531336322
5826.86687304266
2954.9866161909868
4140.590435174211
5828.213629679441
2122.7219149560715
1544.1479025434676
2945.5670082982474
1141.9137294085733
684.3672516722049
1543.083087102798
1142.9287864673306
868.23471494054
1143.372264203516
1543.4915881304712
869.4684744550752
1124.9603151402127
1142.9092970924082
23182.521500561346
4141.302987589259
1141.193382251811
2955.212286723537
2123.863081363373
1543.0194945036085
5828.14661755739
16399.788603788253
1542.5689522679763
869.8904408845324
1542.9876249286579
2955.8994899273553
869.913667948419
1142.6149293644369
687.1718332325058
687.7641009575987
1143.1034188093188
870.3049706312576
2124.321763354045
870.0294574220603
1543.083087102798
684.1123082753184
4141.266078408164
1141.3389327128605
2123.033516630715
1544.207675515871
868.7007489313247
2123.5678902980244
2124.1517904421053
2954.881881186459
871.8404933421557
1543.7693293760308
1143.1998305637183
867.9116304219731
2124.0255780482275
1545.2844120344248
8218.80378179754
16399.584803574573
1142.3567894547282
4142.17861418002
2955.995254904724
869.562873664035
1543.6001011251265
2124.643099809684
1142.055536270811
1528.5991652622886
11606.017737553717
2955.071704369001
687.5934353382485
868.7007489313247
868.3087903990669
1143.429422085423
11605.663338661689
5828.078930283265
1543.5071287350281
2954.6117084188745
8219.14131141845
2945.5670082982474
23182.351802511854
5827.5539479060735
5827.08518960402
5827.882716473973
1543.2883989744205
2955.0905381438233
2955.5793697808626
2954.346481054853
8218.68043358612
11602.37581436161
11605.714474042305
32777.07768442726
4141.536407279981
4141.636966619998
11606.25424241555
11605.948161530363
5827.224591762414
2955.2958837209258
2955.268081502915
16399.587200318372
11605.523799409251
2955.0150397787625
4141.478512788849
2955.081124670741
32777.12363893871
2955.351296162868
4142.265626140301
1543.5691621504247
8218.875151405686
1141.0471068856327
2954.6991009077265
4140.473243828794
2954.6117084188745
2123.2055304134387
2955.470466845734
16399.682055906895
2945.5670082982474
5827.670449831601
2123.4841174899175
2124.048622614115
5827.253409328853
2954.82441534394
5827.909532651526
8218.937533174374
871.0666354239418
4141.729465621967
4141.102313024793
1543.3980753923245
5821.927719219557
8219.027998292393
4141.994826148556
2954.9486240573547
1543.553673194164
2955.3328539081663
2124.3778610780464
5827.774539704371
5821.927719219557
5827.697964689487
685.3379146781369
5827.345095465967
1142.376744389973
870.4414455915203
2955.0245008195834
1542.2085201066457
5827.697964689487
2955.033955098058
2955.071704369001
5827.936256191498
4141.884025485096
4142.165141055307
4141.3544642848565
5827.664936437307
8219.109149078084
5827.774539704371
5827.855808384828
8219.561237422362
5827.9628863537455
11605.755698355997
23182.381881156347
4142.070194041576
8219.161324956978
8219.05245404265
16399.793172405825
11605.871398260932
11606.065528272917
5827.3678894547
2955.09994477704
5827.418987064787
23182.3976993702
2955.8292286493456
2956.047070967631
2945.5670082982474
2122.8472271345568
2955.5522444525254
2955.488691389141
1543.7233343087426
11606.074432123978
2955.793907169356
1543.3354789515768
2123.37570809979
1542.7470639589344
1544.906802787133
5827.3792671370065
5827.692468683131
4142.022309706895
682.9540759237299
1528.5991652622886
686.0365583918689
560.1462510859343
2111.2478725533833
476.5869022510233
2123.5200790057297
4141.715290745747
2954.523803211603
868.4072731089183
2123.781067500797
2111.2478725533833
8218.966451521284
5828.10504277211
1143.6564275023936
478.0283944886815
8218.795339259652
16399.710118313018
16399.529345597915
5821.927719219557
2123.1933040851877
562.4183821808251
1544.1479025434676
1528.5991652622886
8218.697564927492
1544.1329243131606
2123.8397003542677
2111.2478725533833
2955.18429481001
5827.565107980024
1544.3117349079334
4141.302987589259
2956.07286637493
1144.7678391444044
4141.5436221481295
1528.5991652622886
2123.2786911171006
1142.9092970924082
4134.096803357548
1544.0879061121123
2122.9840386340184
1543.4448892893952
4141.771867373585
2122.4814113098932
1143.2382727714064
1544.1628668077758
687.3466369429159
684.7038247533659
1143.429422085423
2123.8397003542677
871.3501076101318
1142.436511689227
870.6445239648317
8219.032080767542
2123.851396031486
4141.449449284068
5827.893454014729
2124.0140397570576
2954.4156769204387
1543.0194945036085
1142.0959107108638
2124.783889888458
2122.996421803842
2955.9865899071106
2121.315117472626
2123.242153133504
2124.1174985693833
2122.327920326409
1142.7527713603824
1543.3980753923245
1543.538171290402
1140.8368992799226
1543.162301364365
8218.706116599647
4142.17861418002
4141.715290745747
2122.6589283959884
5821.927719219557
1528.5991652622886
16399.301398699725
2122.7721460748744
5828.068457902326
2123.792814599771
1142.3567894547282
16399.74262138369
2955.0905381438233
871.5651041537575
2955.0150397787625
2123.4119315647417
2122.8472271345568
1542.730930929466
1544.1329243131606
1141.4837506293063
560.6528721252406
1144.0656687359349
2955.2309130697854
1142.7527713603824
1543.0035658053755
1541.3181186543518
1142.4961321347798
684.5640560523141
868.7736505824133
11606.005710931056
4141.593988560741
92685.88682597269
2124.2879691423373
2954.9866161909868
1143.429422085423
2956.6441236183077
1543.6772203008613
535.8455321202196
870.0294574220603
687.4210407790321
870.1446660698449
535.8455321202196
868.6520433853854
2955.221603397503
1143.1227360227565
2954.9486240573547
868.7493709698713
1543.8761848144288
1543.0354110029775
8219.342174593445
4141.471254145787
8219.240690977818
1142.8702672594695
869.8671908748257
866.6902355505365
1544.222583626594
2956.115690141409
1545.1598628509296
869.2309325606869
1143.1998305637183
1142.3368183151197
685.7969623313919
868.943018147391
848.4359919461186
869.1831621896454
848.4359919461186
1143.372264203516
1143.8249455003381
2125.1419344666288
16399.843064503402
16400.039841809918
870.3733160800147
1543.083087102798
1543.5691621504247
1543.8152048226843
2122.212008095201
1143.0647323235078
870.4641071943236
2124.2879691423373
4141.764813264051
2124.276681960912
871.4364301784158
2123.2177473749603
1141.0889733801566
868.5054285921168
2123.7457649389
1541.9262566329967
2121.965111785363
2111.2478725533833
5827.703457203126
11606.062556298126
2955.749578453006
5827.893454014729
4141.550832114951
11606.062556298126
5827.817984002171
2955.687191590922
2955.351296162868
2955.5431877278465
2955.388094491545
5827.7581891122745
5827.441612551094
8219.097043926673
8219.064646588824
8219.080866443885
1544.5031220498017
2945.5670082982474
2955.785057094884
11605.932902380768
11602.37581436161
1542.373040385085
2123.8747563293696
4141.3544642848565
1144.3755189112737
2954.9105251012184
2955.8732019535164
4141.310355454614
4142.104230396475
4142.104230396475
4141.897950576899
32777.071231328046
2111.2478725533833
1544.2969119132008
870.7341425214431
11606.237203530736
4142.305451556073
4142.391000535298
8219.064646588824
4142.0428647280205
8219.388346645708
8219.407457606321
4142.144888538386
5828.036947556386
5828.026413214151
2124.185984078361
8218.962327927618
8219.342174593445
2124.1517904421053
4142.131358435
2123.1320325003426
1543.2883989744205
2122.872182873885
4141.757754003534
4140.99696225089
16399.956071796667
1528.5991652622886
1144.0656687359349
535.8455321202196
1142.9287864673306
4141.449449284068
1124.9603151402127
684.8706506317656
684.3672516722049
869.0633582208594
1142.1160741661945
8219.216997948579
5821.927719219557
4141.243877255375
4142.218895519774
2955.570335493024
2124.848162198734
2954.900983750141
2954.967633519391
4141.715290745747
4142.165141055307
8219.088960497726
2124.762365510466
1543.0513152830156
4141.994826148556
2954.82441534394
5828.026413214151
2954.967633519391
8219.161324956978
561.4278958458351
869.8904408845324
4142.022309706895
2955.6334173625073
2123.781067500797
2124.4559179292187
2124.54442938753
869.515718510167
2955.360506536629
