17.131909625137002
12.906606794727486
12.90653690679981
17.132561831264375
12.906601382015337
17.133684916158835
12.90653690679981
12.906556966555954
17.131202835558245
12.906601382015337
17.12695744943981
12.906606794727486
12.906601382015337
12.906606794727486
17.131202835558245
12.906601382015337
12.906556966555954
12.906606794727486
17.125982409322713
17.12695744943981
17.123920608225657
17.134818526048694
12.906556966555954
17.13452591744577
17.129639059059553
17.127893142398506
17.12695744943981
17.128787685858406
17.127893142398506
17.128787685858406
17.127893142398506
12.906606794727486
17.127893142398506
17.130444977788947
17.132561831264375
12.906304231479462
17.129639059059553
17.130444977788947
17.127893142398506
17.129639059059553
20.922460532478926
17.129639059059553
17.121718955113014
17.131202835558245
17.130444977788947
17.127893142398506
12.906606794727486
17.127893142398506
17.128787685858406
17.12695744943981
17.11817430813122
17.130444977788947
17.13452591744577
17.12695744943981
20.94073802665917
17.127893142398506
17.128787685858406
20.925765580306297
17.131909625137002
17.127893142398506
17.124969641076348
17.131202835558245
20.930540495360926
20.936540060317668
17.130444977788947
17.123920608225657
24.481847612331617
17.127893142398506
17.12695744943981
17.128787685858406
17.132561831264375
17.12695744943981
24.472222855795774
17.131909625137002
17.128787685858406
20.930540495360926
24.44256113212896
20.937969563201843
20.93508159752887
24.461722890437738
17.129639059059553
17.133155279575856
20.876441997050502
20.928973973807107
17.124969641076348
20.933595007601188
20.91200480939929
20.94935415693925
24.459895980393576
17.131909625137002
24.470530217570797
20.945882456412534
20.930540495360926
20.943378872766157
17.134818526048694
20.94823709044958
20.93936920876362
20.930540495360926
20.945882456412534
20.942074963821586
20.943378872766157
24.48031019261051
24.45045696160283
20.90461679546727
24.39908728434783
24.478745080400277
24.375168975751045
24.362724946867008
24.370228829221993
24.452384143829793
27.77709715729544
24.448510764004116
27.70018031315469
24.380058189168487
24.461722890437738
20.91733067360653
24.349975237660637
30.870563031776083
27.61899923519143
20.947079221154787
20.930540495360926
27.6715190598289
24.29613091590793
24.35511104588588
24.459895980393576
27.741652887622568
27.76859806413955
27.785333197539817
20.950428264696164
24.36019907664115
27.732224336084087
24.425928425416032
24.4343796019848
24.436450849849265
24.394411137014302
24.41942150156001
27.644331875359637
27.660769199730147
24.45429198517767
20.942074963821586
24.372705215388553
24.44456255654602
24.44256113212896
30.79958926502916
24.4580482681614
27.79132799678562
30.833171173094293
27.66347252525671
24.463528586860733
30.697550617374628
27.785333197539817
26.4850216849152
30.964843087449648
24.461722890437738
27.78124900864232
27.66616532336409
33.88855018378261
27.748582458524723
27.78124900864232
30.903402774229875
27.736965173996772
27.710259530432946
27.722587347604474
27.63317122809109
27.592890177771334
27.52600666469495
30.8935025418029
27.722587347604474
27.734601330023786
30.833171173094293
27.753132474298628
30.67217819866045
27.72983431895727
27.679468938119744
27.725015705918192
27.6161358880141
30.85211737196665
24.432291511777397
30.986699874605602
27.79523349964659
27.787349272364903
27.727431402128524
27.762059548199947
27.61899923519143
27.705243564104492
30.802439115828875
30.883418286519355
27.630356305529762
30.767649488623317
33.87468797144482
27.762059548199947
30.846754234533307
30.773536014649864
33.852045284083005
27.75762528097094
30.805279801452013
27.750864537535136
30.773536014649864
33.95922779997444
30.883418286519355
27.710259530432946
33.88303257102556
27.783299687597058
30.72549521507953
27.64985195880614
30.75278293512194
27.65805541450202
30.83590755644168
24.461722890437738
30.81374636443577
30.755773256311702
27.741652887622568
24.45618014534558
39.660843804104594
27.81527601052792
30.788099179275033
30.761728461580777
30.9606493080023
36.900103164112835
27.720146441539708
30.65282899903707
33.946704664950495
30.849440874432876
30.805279801452013
30.633211854890465
30.802439115828875
30.908281905727115
30.824903679591124
27.722587347604474
27.766433859837996
27.6715190598289
30.764693267328667
30.779387707010773
27.725015705918192
27.697631190871466
27.770746705040544
30.88086916457608
29.452225761931267
30.8935025418029
33.87468797144482
27.621853002717987
33.849175871943565
27.799063206042668
33.95174661544871
27.762059548199947
33.70208658080505
30.895995091866194
30.88086916457608
30.870563031776083
30.898476046814437
27.799063206042668
33.740490705879445
30.873155846580538
27.73931573779209
33.93132462400397
27.774996468063772
30.700687271376427
33.946704664950495
36.78924228232609
33.87188846336702
30.964843087449648
30.697550617374628
27.759849818415674
30.908281905727115
36.89228250849666
36.56280105491229
30.790985208123097
30.719341217011657
27.741652887622568
30.776466236226337
33.59483334717898
33.926115301848306
30.865345316458985
39.70232508359215
30.865345316458985
33.860601877755116
27.727431402128524
30.80811127203484
30.910703356281633
36.90526845525875
36.823925636693865
27.753132474298628
33.9738867728246
36.87101304457617
30.873155846580538
30.949894307256343
30.975041104009776
34.01954619091454
42.5069578099564
33.87747852593168
33.81408917826803
36.84639406535132
42.65040534143919
39.75350536239117
36.688261356204
33.88579595792713
42.639334066483684
42.605405567442475
33.92349547831202
30.943263719527483
42.54660200748392
36.795102170225555
33.91291671852354
36.86015940802094
33.74992895091258
39.64264173626138
33.93132462400397
36.780394330506454
33.97147235394758
33.933913978432955
36.786300679341856
39.534997873328614
33.88026007626386
36.91548018151506
30.913112582450037
39.76178652333779
36.88172197066686
36.762492570733045
39.65177387833411
33.860601877755116
36.70406141770022
36.79802038357653
36.80961417401018
36.81822543211376
36.952283958512155
42.51312703971389
33.817058286948715
39.65177387833411
39.475101344747834
42.69080393038606
36.90269070287405
42.4694220639614
42.653154021416974
33.80213253472058
36.815363099109355
42.41150129500601
33.85775833178776
33.88303257102556
39.71102768095075
33.88855018378261
36.83241416440785
42.639334066483684
33.98342595660631
33.756184197237246
36.83241416440785
33.91024749558882
33.949231031559584
39.86454391492201
39.77542312243733
36.762492570733045
33.95674508868601
36.70091517792934
30.915509470021956
36.77445735253567
36.786300679341856
36.69776202782128
42.58221285594704
36.68508080408686
39.788847900384006
42.59096255802976
39.79415708534879
36.957002681535755
36.80961417401018
33.944167599878966
36.86288619223683
30.85211737196665
36.81822543211376
42.73924360968731
33.7085585330136
33.95922779997444
42.62814214130375
33.75306028411497
36.62999012172809
36.82959294906287
36.76549503842233
30.952075407401704
30.898476046814437
36.78924228232609
33.92349547831202
39.60863612026547
30.908281905727115
33.79004923688743
30.903402774229875
30.90584834216121
33.88855018378261
30.722422252678292
36.68508080408686
33.95174661544871
33.96415971141219
39.6055048259436
39.69940933262803
36.815363099109355
30.968972382258933
33.93649302985902
36.88702102844816
33.95425133050288
36.56280105491229
36.87905850237362
30.883418286519355
33.740490705879445
33.91024749558882
33.72141750440346
33.98578056468074
30.844057518445798
36.84639406535132
39.8020544514287
36.626690609271336
36.912942287990674
36.5213092171924
33.93132462400397
33.94161991880574
34.01083968941222
39.684720417594
36.84639406535132
36.86831306404968
39.57703127287034
30.838634116253306
36.72279234655494
33.86908005143093
33.90756858845682
36.90783635135647
33.95425133050288
42.44391422989408
33.73098665617869
33.82591690368566
36.90783635135647
39.60236698650006
36.857423794802514
33.837613314904665
33.796106580971596
36.786300679341856
33.88855018378261
39.57703127287034
33.949231031559584
33.783960766498154
33.96415971141219
33.74364413463087
33.89403093498901
33.90756858845682
39.830305304296125
39.75350536239117
36.88702102844816
36.86560409527148
39.47847918426861
39.78618019011718
36.762492570733045
39.69061788728089
42.62814214130375
36.92052543997089
36.69776202782128
33.95174661544871
48.59386199793721
33.83470165913378
39.72822881275322
39.77812522097718
33.771691468082146
39.747944000560686
36.8352270278684
45.21136406619067
42.42453593548781
33.93649302985902
36.85467940388649
39.8525481523507
39.534997873328614
39.35688543044614
36.5108021819077
39.64264173626138
36.74736891566714
42.674861499128035
39.57703127287034
36.8436150599715
42.625325585376615
42.328001223213874
33.828853413859484
39.78081879879707
36.78924228232609
36.900103164112835
39.76178652333779
39.78618019011718
36.732062469397306
39.73954192704193
39.65782745330868
33.98342595660631
36.85467940388649
39.65782745330868
36.96167447068293
36.76549503842233
36.72588951128384
33.95174661544871
36.83803149509933
42.39837523532519
39.648736708329736
36.876385820145565
39.78618019011718
42.66135348805598
39.4410055717561
36.81822543211376
36.67549848662641
36.80383316633617
36.8267634254942
39.693555702059626
33.96415971141219
42.576345256644466
39.534997873328614
30.802439115828875
36.80672766106729
42.59096255802976
36.86560409527148
33.95425133050288
33.89947438032306
36.51431042026108
36.78335135054995
33.80812682679914
33.90488005953895
36.762492570733045
33.96169937228706
36.780394330506454
36.86288619223683
39.59291441933132
36.81822543211376
33.91024749558882
33.77784142681173
39.77271255267321
42.43101865449856
42.564528360115446
33.93132462400397
36.64965135788679
42.55260398033522
33.85775833178776
33.98105915750365
42.45990129361507
39.58340373462085
42.58221285594704
36.85192628572599
45.38375833318765
36.8436150599715
36.792176124464255
36.7103330679388
42.66135348805598
36.74736891566714
30.862720569427825
33.70532607614097
36.69776202782128
45.41837603494193
42.28324307847648
39.85977762745878
42.51620220489096
33.89675734927225
33.90218197010674
39.63958398642711
42.41150129500601
55.693365222163564
39.69061788728089
42.70385957513477
36.900103164112835
48.56733777150406
36.786300679341856
39.660843804104594
48.44730381498016
42.47888862513192
42.57340120316648
33.79308181605171
36.53870243183622
39.67283898143331
48.339740668740035
42.51927104103776
45.491470874161706
36.82107962500043
42.0655965760797
42.381840602935135
45.46748785837979
36.89489900033708
45.40272506237364
39.51193445293735
39.63958398642711
39.6055048259436
43.24114496557403
36.910394319853786
42.45352424481591
45.24898476526626
39.505290774385045
39.73390100209008
39.52843859447289
45.491470874161706
39.36757319608852
39.65782745330868
36.69460199158946
42.300563318216845
39.788847900384006
42.408228311426974
42.47258363274315
36.83803149509933
42.63095130338771
45.295990145435404
39.5642102742441
33.89129519448638
39.687672782007986
39.24366019241335
36.77445735253567
39.78081879879707
36.665855649270945
36.857423794802514
42.64488493671126
42.297109756866654
42.58221285594704
39.693555702059626
39.427207658892335
45.46143148359509
42.731812011674265
36.91548018151506
42.611133115146224
42.30401161319662
36.77742965329488
39.687672782007986
36.94751918526926
48.60259994440912
39.49193210150888
39.76999356037008
39.3063735650403
39.764530498954926
42.35172802751624
36.67549848662641
42.53754988566427
39.84029149421991
42.47258363274315
42.58513634510108
42.54359116390509
36.85192628572599
42.43101865449856
42.53754988566427
36.576438003265906
39.60236698650006
39.57703127287034
36.768490012595755
39.747944000560686
42.5069578099564
42.57928248362379
45.59156427667969
42.67753904305109
42.49142548706692
42.45352424481591
39.627285156684415
42.385158743672285
36.63328319794823
42.46308087577824
42.47888862513192
39.687672782007986
39.44444090276531
39.722525665611165
42.226949776814294
39.77812522097718
36.873703981911284
42.58221285594704
42.46625447206801
39.495280644187496
44.92073607075161
42.41476856507395
42.56749272760476
52.05370697595507
42.4016652661646
39.66985077756195
39.40983393005405
42.485169295555366
48.794859938726866
42.13642099960278
39.573835502370365
39.48521736140516
39.66385316042919
36.77742965329488
39.713913548264806
42.31089235710651
39.57703127287034
39.5960717612521
39.40634246762568
45.18363222791985
39.71679185851422
36.7504083874664
39.31728486548873
39.687672782007986
39.52514983969814
39.26966366873817
42.404949629981346
39.660843804104594
39.5642102742441
42.534519499434
39.69940933262803
39.67283898143331
39.66985077756195
42.55559505943983
39.62419361613776
39.481851194842676
39.454712725574474
42.599649519609315
42.368512403922004
45.58606887636352
39.79943092564395
42.49454435326657
39.548043013076956
42.36516651602805
42.56749272760476
45.282661674914976
39.521855031130606
48.01410721619886
36.80093072797041
39.63651942835893
42.49142548706692
39.258550001436184
40.4724322308489
42.482032010320715
36.8436150599715
39.5642102742441
39.505290774385045
39.468328238411964
36.900103164112835
48.34307626184625
39.6148789830219
39.8353181319816
39.633448087399344
33.92349547831202
39.66685549434476
39.6148789830219
36.87905850237362
39.73954192704193
42.51927104103776
39.392321310367024
36.71345842852699
39.681760824982874
39.681760824982874
45.367800473592915
39.64569265221462
48.519069247347176
39.59922262424813
42.404949629981346
39.61799050554802
39.36401600615598
37.77001542292742
42.3917782332487
42.482032010320715
39.03888274420599
39.5674249831704
42.482032010320715
39.34973333363438
39.67283898143331
39.461531993524964
42.611133115146224
42.55559505943983
45.24898476526626
39.5960717612521
39.648736708329736
39.742350567084834
42.633753035874605
39.59922262424813
42.53754988566427
39.55128889730722
39.64264173626138
39.648736708329736
42.636547302501164
39.84767619249494
42.13642099960278
45.34523081575279
48.590937746219225
42.625325585376615
42.37851688428545
39.41680017615567
48.3297061024816
42.37185277060447
42.293650940755505
42.56749272760476
42.36181512077537
55.98936702746262
42.226949776814294
42.55857949971837
42.46625447206801
42.37851688428545
48.60550092104698
39.62419361613776
42.482032010320715
42.54660200748392
42.482032010320715
42.5069578099564
45.18711559920165
42.49142548706692
42.625325585376615
48.34307626184625
39.59922262424813
42.59096255802976
45.54966699664996
45.0624009818767
42.57045035099808
48.21314063438107
45.12368835261787
45.482523083302716
45.52089073654287
45.39326680294357
45.44311951343469
45.25576043156957
45.63184350650341
51.64224902498475
45.20100091976835
53.57354993734821
42.38847129199079
45.14853618178728
42.404949629981346
48.32635201705423
48.48196719201354
48.503701934417585
51.39104660247624
51.80409506065497
55.41115533057151
60.793069063932805
44.951083917802954
55.76106434868848
55.39699264919981
68.04053060689039
45.380577760487824
56.08250235879113
68.25702851165488
48.6170458984807
48.537333706634406
109.25018885508766
77.71812093181434
61.10939888065617
55.637430850089444
43.24114496557403
51.625186277765074
51.8734311166042
61.106642957973015
60.955799266012455
55.71610526186155
60.96165620817287
77.88816085576107
46.19470270839039
58.82020065249157
55.85806911640016
77.76527929035133
55.637430850089444
56.07975187957288
51.63202318264769
52.00534529713601
48.12783143327587
48.389281954557504
48.49441830600116
53.57354993734821
51.79768613062252
45.54966699664996
51.649046500433506
42.60253109018078
45.32894878478932
61.06489305829691
58.82020065249157
61.03094882255369
48.44093575749476
48.503701934417585
55.96607925783482
51.91944644431933
52.02258856096083
48.34307626184625
51.96735286102713
91.10820434452025
58.82020065249157
61.01092957238132
55.7514893216016
48.30951279264395
77.76527929035133
51.58730434025398
60.97915164124354
51.80409506065497
68.03055569933522
55.933626206672194
77.68464209688646
51.669343526716936
61.03663923485431
257.8896375980999
45.56661267866572
61.16646020301451
75.90883724826547
60.820791093914
58.82020065249157
55.67373753247138
56.071472755560954
60.93520186070966
512.6159795189291
61.09835446155752
205.9281431464322
133.58967177846628
60.96750061389188
61.2932022650437
77.75105013955347
61.04231650028053
51.775119309402605
51.778355980086936
67.89176011030963
77.87120583757748
109.272067694692
68.01551181093448
109.39673993559646
133.50464941002411
55.86113819622761
55.491612062204446
51.775119309402605
67.87853318705935
61.169138002886534
56.01238404831122
109.32974799244927
48.04382801861913
45.449247152000325
56.05199505926202
55.9067094237816
77.66982653049776
48.555402478657776
65.97201402192812
77.97658439267907
55.974843554819124
55.9864707504755
55.94843896384034
68.16139413543142
55.767429639060936
165.193526297061
109.23456980078481
109.39091222255296
109.34926490112252
91.09668217668907
165.23549575914146
109.43327489083752
91.21439864423732
91.05829018481566
91.0294023853796
257.9199522102367
512.6152917524935
813.029825078418
91.15828404266267
133.55248384802076
323.8699605640789
205.9346548200146
109.38622760816162
205.91312004659818
109.34198024519222
77.71604442875798
257.91001413591863
133.57213175721037
109.29616706583047
89.62160606904095
257.90828260716563
165.1807417984386
109.3779821000636
91.0294023853796
109.27589793926654
68.04301749151142
109.24499843171762
257.9030407693568
56.12319472560608
68.31323914849163
77.59864502337228
109.23326177237864
77.830845625155
205.9333583189983
61.04798056759115
133.58269333182852
165.2514701436925
61.29568939823981
133.61284250720777
257.9077036648401
56.19363917097682
68.15670073252726
77.79340516709479
165.1845971877187
165.18971107577028
68.20992404887454
109.39790170897531
77.6334289075691
77.72433754529942
109.36490484885461
77.81124681421045
68.15199515048873
77.71188499995017
77.71812093181434
109.42990732771209
61.14219729249867
91.20366714656437
61.06208265176506
91.07675243554405
77.77336084184986
133.58181747950198
133.61959143341608
205.9393833316613
512.6256309706142
165.22218093377728
109.36490484885461
205.92857951279709
323.84287684236637
407.2709644587903
165.22095764840228
165.2178902421319
205.92551826183944
257.9137381802312
407.28305263718266
133.65729953833147
323.85533976087953
323.8589877453339
512.6145133352417
109.32358971270172
165.2011040444886
109.39673993559646
91.09668217668907
77.83473645757256
165.21604353442027
132.6973995231767
91.11964897431811
109.3334295318124
323.8183772799802
323.83839901929286
165.23788828042623
133.58181747950198
133.6468388255292
109.18821307570428
133.59832300758018
109.36370883223891
91.16779300433727
109.24499843171762
133.55158218332383
257.9295992482157
108.1661739593453
165.2004752752721
91.20520565415588
133.57566467415006
165.21911877556144
91.12939613553321
108.1661739593453
164.57334004117774
205.89362125848967
133.59487218320115
109.40137943822192
91.16621242475075
257.91259637909803
165.1579195888156
165.2098542905077
205.92945128561104
109.33465446063364
109.3149215634167
133.56324599516827
133.49050446019177
109.38974293080211
91.16463014127515
77.69096046732489
165.1277780402065
205.92332215883064
77.89748874704509
133.4990094881051
257.9047958436406
91.12939613553321
257.9094378457782
91.21592442514498
61.19571387821866
91.02426054807405
133.50371110698381
133.48765752062306
91.06838319297448
133.45983565477084
77.70144915476187
91.07006007934935
91.08840515530053
205.97170477123058
67.91802765655508
77.7551267653496
61.270632049985885
91.10656304338863
89.62160606904095
77.78741599626956
133.57478260003268
109.31616317324752
91.06838319297448
165.1800975826683
165.29724807749972
205.93292549980035
61.01379920703071
91.09833290853166
108.1661739593453
512.6001068585841
165.12164641817313
407.2700313902442
165.2282654966846
91.15510086584834
165.20173231730968
91.16621242475075
257.87738413796063
165.18971107577028
323.85495267701197
257.9221836227867
68.193901831392
77.69096046732489
77.80927381112684
91.1772404887331
165.15262537878576
165.23189044215874
77.80135822096975
257.9056704724632
323.8625814119185
257.90186644219705
257.91854984804814
133.54706285662442
205.96322032149786
257.9191115013683
133.48670722372182
165.25321921497596
165.21295533284675
512.6128540465803
257.8902420631307
205.96808912500603
205.95457184469697
512.6161508423957
205.96647222247216
91.21439864423732
257.9079932459367
133.55248384802076
109.33710092876042
133.64521543330773
109.49687433803821
91.06502488240268
68.03305352092467
68.14017829453849
91.02768989125668
109.35047497731813
109.36848576375205
109.36131324648265
257.91288216962585
257.8986195987688
133.5506797833619
257.9376203253497
257.9030407693568
257.90274750715105
205.9372389672231
109.39091222255296
407.2709644587903
205.9566455135379
165.1865184799849
407.1168492703307
165.21233614785942
133.40061024164405
165.1845971877187
205.48459618478185
257.58491624645643
512.6104598825378
109.36609967798226
165.19034815407994
257.8745850490981
257.87239757156954
205.96808912500603
257.91058953580665
109.3791636985976
407.2796681742731
77.47993450627509
323.8557262628125
323.830310634348
323.8535933293373
165.22095764840228
257.8761419671911
165.1697267636217
165.2054914809026
165.23549575914146
205.92988669100154
257.58491624645643
257.8594068261762
323.841255803513
164.57334004117774
645.4927899800565
61.15301679423751
109.42313576899953
91.09502988347239
205.48459618478185
257.8745850490981
165.1723305742047
257.88324308817687
407.2759526009155
257.8730234886405
133.58618888069492
407.26842186313263
323.8334438324137
165.13926725251386
407.2678825842029
512.6165780602903
323.836343137864
165.15129740957434
132.6973995231767
109.23064276599146
77.74081986021727
165.20611625435905
91.07675243554405
61.095584744784375
75.90883724826547
205.92376200869418
109.32974799244927
133.53705641737054
91.23408924934598
109.16120506104694
68.06527515036198
75.90883724826547
61.25540223924047
77.79937345627391
61.18777995934079
65.97201402192812
68.14491406962364
65.97201402192812
91.0430497592134
165.22095764840228
133.5791852306876
205.94237141042774
77.8171515881067
205.89591618826
323.8355172571857
133.5497766494273
133.57654597575123
165.10027267824785
165.22279178448483
133.67462964344833
165.21480980227923
133.50371110698381
165.2312876412703
91.19284742024084
133.58356839964736
109.3779821000636
133.60944774942863
165.20736428995957
257.93971853496316
133.63374928073824
257.895646017854
257.89174972644497
323.85242258316833
205.93075653708698
205.48459618478185
165.20861030444215
323.8404421574037
257.9097261019348
407.2545453989867
257.8881229571411
91.17880903489008
133.6777284133212
257.93310410865007
323.84828508283914
77.79141109001209
165.2282654966846
165.22401189685084
257.918268668516
109.33097629555634
165.16711562604635
109.28733246691522
91.06502488240268
77.8132174484659
91.05322342790338
133.63374928073824
109.36609967798226
205.92111821518958
133.5614597668498
133.54796818478061
91.16146047753664
165.19034815407994
205.97090399398633
205.94151935388146
257.58491624645643
512.6078427211961
323.8541767714207
257.8899399302943
257.89265191284096
109.28606615326703
205.48459618478185
165.16121400946113
109.34198024519222
109.3074489690317
77.63126974269281
205.91801963997807
205.94787661899576
257.9293278443019
109.30119199035776
165.22095764840228
77.88628737051056
77.73876720390452
91.13424784340432
133.5694740141051
165.17880774292553
323.8603181468141
109.27462222607673
205.93422297965938
77.79340516709479
91.0933760318148
109.34805366875825
133.61284250720777
133.64114083359573
77.75308956318585
91.15510086584834
109.39091222255296
77.86740970122962
133.54525001499337
91.16463014127515
133.51956960204888
109.29616706583047
68.13067086788686
164.57334004117774
67.87588041229617
109.29993736528165
132.6973995231767
133.63126928875855
323.6268451012503
133.5139950866818
133.62628543504368
205.92111821518958
257.9030407693568
109.34926490112252
77.75308956318585
132.6973995231767
109.46301866330583
109.31367885808451
165.2342961824762
133.52604164326843
165.2172751929238
165.20923255148583
165.26016215090232
90.99139560873348
91.20827725049601
165.2704123298775
109.33465446063364
133.65088102427745
91.23108048380047
133.6085969658152
109.43774587051384
91.19129462832517
132.6973995231767
133.64195758659318
165.22156955474546
257.9140230620705
165.29618514956996
133.48575626991823
109.40944947665388
133.55248384802076
77.68464209688646
91.18818374860815
109.31119016895984
165.25321921497596
109.22012763219794
77.75919448663774
91.13263223637112
68.2257879927349
257.9347068698151
133.59314192431745
109.37205592324736
133.56413798109236
165.24205372277973
323.83510356641483
257.91001413591863
133.60176081877498
109.32482359681055
133.58967177846628
323.86276901154673
165.24678031907916
165.26016215090232
133.62043120749235
205.9355175179872
165.224621156459
165.20236009286464
133.61114680726925
257.88416186262424
165.22401189685084
205.94871841994646
91.0430497592134
257.9238470692997
205.9372389672231
165.20361414867415
165.16776909486958
109.30619973263342
109.41859470618704
109.3322034760635
91.14711361636745
77.76932458508108
109.3334295318124
77.62478030677319
165.23008040821074
77.88816085576107
77.84442075949447
109.39906221916814
91.07508163035179
165.2258380773623
133.5497766494273
257.91058953580665
68.1590489600695
68.12111597432096
77.71188499995017
91.14871440148656
61.050807635757494
77.58987078743114
91.04983813678412
77.83861753627441
77.69306240825605
77.8132174484659
77.75919448663774
68.26143720399722
109.3540982455054
91.04134897223481
109.25277804964843
75.90883724826547
133.4990094881051
165.18715795704824
109.36729331711997
91.06670479309571
91.09998207605157
133.5443425040404
165.20611625435905
109.22539299697962
133.64277342532895
133.57124660762005
65.97201402192812
133.52327209546456
132.6973995231767
109.42200249328576
133.565919689579
91.19129462832517
407.261584233221
165.25612254168274
205.92551826183944
91.12777564831453
165.24736857126402
109.41288872504231
205.9660670497269
109.24499843171762
91.15510086584834
109.40830046955884
133.59314192431745
133.49429112369307
165.16711562604635
109.32851856888982
109.34926490112252
109.41631624784915
165.19162086342425
133.5177141914223
323.8584153113555
165.21911877556144
205.9337908124689
77.59206725138817
133.58967177846628
257.90741386425435
109.40022146323594
109.36131324648265
133.5774265033628
108.1661739593453
77.7632532658678
77.71188499995017
133.59487218320115
205.89591618826
257.90421167820074
205.9250796715141
109.19490700585015
133.5186422428001
109.30369801695292
165.25785740312415
407.27543379834594
133.63868511141234
165.19034815407994
133.5694740141051
165.1826716202441
133.4800368060172
109.35289165186074
77.69096046732489
77.65063009024067
165.20424042716797
109.38387788140078
257.8881229571411
257.9140230620705
165.2461914923723
68.13305219169246
109.4543137292279
109.40484571885129
77.6825318037573
407.27491349772407
165.25205375395677
109.43327489083752
165.18715795704824
323.85163924557196
205.94194555077615
133.62043120749235
109.36490484885461
205.92857951279709
323.84549302648367
407.2690940209331
133.6187508012002
257.895646017854
165.1909847502344
205.92726945641687
133.63374928073824
109.31616317324752
133.60004354654527
165.1664617021057
407.2742610302518
165.2104755205851
109.34076212411878
133.61199507788527
323.82545377591657
813.0302645108244
645.4962473607917
205.92111821518958
165.21911877556144
407.2673419338206
512.6089312994335
132.6973995231767
407.2654389707167
165.1359007820882
109.30494941462497
91.0328230066568
77.52984584157863
205.8986606525965
323.8375781858278
257.8992118235393
132.6973995231767
109.43886017989011
91.0430497592134
91.18818374860815
132.6973995231767
165.2264457365771
109.25536321570414
133.54161562564587
165.21233614785942
205.89728971407763
165.14996768398726
257.90274750715105
165.18202881798874
257.89054399631027
257.9039192726979
133.54615679960742
205.94151935388146
323.86295645507244
165.1960600640334
407.26584813802197
205.95498729434948
257.8977296987151
205.94449562886206
165.24795624767228
512.608387990616
205.9355175179872
132.6973995231767
165.2438304651793
205.89039642776672
257.91030194733975
323.83510356641483
67.99022398402055
257.90654314932306
257.88751571558925
645.4895281672304
165.19162086342425
257.9260513160058
91.16463014127515
257.8378842675583
257.87985943968613
61.23745307865612
77.65063009024067
77.7632532658678
68.01551181093448
133.56769837098622
109.47055840662584
205.96076575800856
133.60518550841618
407.27530386324673
205.93895512381147
1290.2900552404276
109.3944126109487
512.6133803460191
109.39557690195294
165.23669312815946
205.884836120406
813.0286535725256
407.2738684414372
205.94534293424348
205.88715780035207
257.91742372377564
165.16055602052032
165.24205372277973
323.8279956469456
645.500417157502
323.85242258316833
257.8911472624981
257.8896375980999
323.8426746709461
512.6125020078665
257.92659990797625
323.8541767714207
109.42426771248705
132.6973995231767
323.83177620949596
205.90863408306987
323.8440871011619
109.34562774479262
91.15828404266267
133.59659921535413
133.56769837098622
205.94997851565796
323.8589877453339
257.9024540316552
323.85183529192614
407.24658501888365
323.8587970840766
257.8890323368271
257.9137381802312
133.54161562564587
257.9162938662229
407.2698977425988
205.48459618478185
205.94449562886206
645.4967727592709
165.2282654966846
165.21973225780934
109.29238716968261
91.05322342790338
133.54161562564587
205.9603553742438
165.21850477000592
133.6102976971802
323.8462934651682
323.8315672061616
512.6069296254082
205.92726945641687
109.44441092928685
165.2438304651793
257.88385579798603
165.16449720653802
407.25611054599165
165.22279178448483
133.64845850562196
257.895646017854
133.38951945231702
91.0087571160454
165.21542692707078
109.35771102345414
323.8396264429914
257.58491624645643
90.98091115083167
323.83737266023985
109.28479878807755
257.88507889213344
205.93075653708698
407.26815239559903
75.90883724826547
165.23908120674366
165.12232936927367
109.17745420164839
61.198351050289304
89.62160606904095
77.86930904657999
407.26625655028704
165.17492701202733
133.62043120749235
133.60176081877498
205.8917801951753
165.14930216414393
109.24499843171762
133.46080399123963
407.2857543443694
109.24889275113597
67.94145333014455
77.4314796238793
89.62160606904095
77.65277116927533
109.35891294045685
205.95581712122214
323.82904971291305
257.91058953580665
407.2758230412584
407.2841641009429
206.0060117164812
133.45303967541486
91.01738450863408
165.18843547590572
91.08840515530053
91.01566189731138
109.19891206691383
257.87800409648275
257.93310410865007
164.57334004117774
205.89591618826
205.9337908124689
133.516785449022
91.0549138400953
133.56680940936562
133.61706696999465
257.8953475256562
132.6973995231767
109.39557690195294
257.8944508208687
164.57334004117774
109.29616706583047
109.26950903482017
323.8424723681569
512.6149463970655
512.615807947388
257.89683793112107
407.2421518148679
165.18971107577028
257.862602942279
323.8296807151952
257.91430771570583
645.4945934615886
323.81880970063116
645.4979865938518
645.4218435524017
512.6101913027692
1290.2887632469353
512.6072041169623
407.26828717241153
512.603692277097
205.89591618826
645.488273248827
813.030105035956
205.95457184469697
813.0323421532324
1024.189216981868
323.8194574842915
323.84768902750847
205.89454008601587
645.4910785003453
407.264618383668
165.19795525173407
205.9090840280673
323.8557262628125
205.93809770939538
407.2776282416495
323.82883913885496
323.8355172571857
165.2282654966846
323.82417649003224
512.6210891291106
512.6068380215476
165.15129740957434
512.611883702592
257.89174972644497
257.8823225762728
205.96281215266023
205.94787661899576
205.93637890189873
407.26283024637314
323.6268451012503
323.83798885669586
205.9410928203434
512.6133803460191
257.9199522102367
512.6055500114176
205.92988669100154
407.27852378799236
109.33465446063364
133.61114680726925
257.8859941691432
65.97201402192812
109.27462222607673
323.6268451012503
65.97201402192812
205.9013947236734
165.27322363000513
205.91177741383214
133.48670722372182
133.63868511141234
165.18715795704824
512.6114403263724
323.84848349400625
1625.5843322533442
205.91401362301468
165.21419216100728
323.8460935574689
108.1661739593453
133.56769837098622
323.81337231694965
133.49618047079701
165.1697267636217
323.8179444086806
133.58793191722134
164.57334004117774
512.6154640633594
512.6029434499211
257.87893261986363
645.4921208056062
407.2594931084514
165.23189044215874
645.4929111984745
407.2539739840192
165.2438304651793
512.6069296254082
407.27865133443146
1024.1909276734034
512.6152055051994
1024.1877498449057
1024.1905905872177
132.6973995231767
407.2635196325179
165.1579195888156
257.88872940834085
109.3779821000636
512.6187739975126
133.46660070640414
323.8098562869436
205.9224415187409
257.8545799890289
323.85974888334727
165.16907466436126
133.59573610344054
205.48459618478185
109.25018885508766
77.65918223042245
133.5343122995147
109.3149215634167
91.01048545714262
109.34319722383785
133.55787832252008
91.09668217668907
108.1661739593453
109.31367885808451
813.031016975336
257.88416186262424
109.20423889271474
205.93292549980035
165.2282654966846
133.5306435178837
323.85726641078793
645.4939358943366
133.50464941002411
91.12615354092304
133.52880488071108
205.96484927115077
91.12777564831453
109.29490816424557
77.87120583757748
77.91594377848944
109.32605636894979
91.15510086584834
165.25205375395677
91.13586181709236
133.5343122995147
77.63989441371146
257.8826296061663
109.21352413727286
165.1852380945357
133.5991836845592
91.0430497592134
165.21295533284675
165.2432387844451
205.9175757515815
91.26228903933962
133.57389975486532
109.3322034760635
90.98790638392028
165.23669312815946
133.66127999888997
407.26061060485114
645.4885881800983
109.27844625193322
257.9205114967741
205.96929780144168
91.10327570625162
133.56413798109236
165.2687179497201
109.2592333829701
132.6973995231767
512.6120606505151
205.9263944935029
77.90305358081845
91.0430497592134
91.01566189731138
109.34684128254558
512.6016252554167
323.8547589174756
133.55877480367812
205.90502382984872
407.27176077400725
205.48459618478185
813.0270493325559
323.8353104741925
323.8179444086806
323.8474900691718
133.54615679960742
205.92726945641687
205.94997851565796
205.89270129382987
407.2565358031412
512.5048179283684
512.6031309605308
1024.1891096947634
257.8938519973518
257.89802654001005
512.6190245569743
512.610011969383
323.82310888216085
205.93680909966872
205.9355175179872
645.4886510707448
512.5975164458448
205.92376200869418
257.8914485949031
205.9268321338121
1024.1900669918032
205.9393833316613
257.9241234592737
133.56235325663016
407.2629682868121
109.19490700585015
205.9090840280673
257.8497145850612
205.90502382984872
165.19416047023
205.94491945231098
645.4911400824542
205.48459618478185
323.8396264429914
165.20861030444215
165.23788828042623
323.82417649003224
205.9149059854541
323.84848349400625
407.26502905154985
91.20827725049601
257.90186644219705
257.87583095646977
133.55248384802076
323.6268451012503
407.26801753282103
257.91288216962585
205.92067649107827
133.5614597668498
205.93852658286224
165.2549629878472
323.84348256645836
323.6268451012503
323.840645763303
77.73259611461626
323.8275731857427
109.27971884790333
91.16463014127515
205.92420154443315
133.4838523954666
323.840645763303
205.92464076554222
205.9263944935029
323.8494734854981
257.90828260716563
257.9199522102367
257.886298870717
323.83942219261434
407.27069830928514
323.84348256645836
323.846493237874
407.2856326648578
323.85046001624426
512.6043448280503
813.0277525901172
257.9160108217814
407.27242190923283
407.2688254174831
645.4940557745324
512.6077516534776
512.613467856259
323.82841763172644
205.92770646079748
323.830310634348
813.0281224297499
205.96158542294592
205.97170477123058
205.48459618478185
165.1755749640568
205.94871841994646
205.94576607403812
133.57124660762005
512.6137300314338
205.95994462393617
133.54887278280657
165.20298737027895
133.51492589555664
133.63950459378114
323.82883913885496
323.8404421574037
257.9140230620705
77.55223782086057
132.6973995231767
77.78541498997865
67.95179849676288
164.57334004117774
61.01379920703071
165.2104755205851
257.90127800377627
205.90093977068122
91.02254370379333
165.22401189685084
164.57334004117774
407.26598435949495
323.8557262628125
109.36131324648265
61.13676613532679
407.26033170670365
645.4918764393866
645.4871329598733
323.6268451012503
165.193526297061
68.1354305420154
133.59573610344054
132.6973995231767
407.257101737326
133.59487218320115
165.22705286023856
164.57334004117774
205.9316250933357
323.8357239152224
133.60518550841618
257.88416186262424
205.97290301924258
109.4321537284561
257.89415151093243
132.6973995231767
165.19795525173407
109.31367885808451
257.58491624645643
133.59227558893824
165.1826716202441
133.55518441750928
257.9036266524851
165.1565986967321
109.33465446063364
133.59659921535413
77.88441126694995
77.68464209688646
109.34684128254558
165.22705286023856
91.22806418493919
109.28353037315279
91.17880903489008
407.26815239559903
165.22765944729377
257.8902420631307
323.84788784937484
165.23609472017318
205.89591618826
133.5306435178837
109.26180842083656
165.27601892146126
165.1833139497981
205.96889529192188
165.09609129023923
165.1960600640334
165.24146034425874
165.14863620711137
109.30369801695292
133.55248384802076
133.56056552719264
109.18149575423645
133.53888225496343
407.2573842418295
257.9205114967741
257.90127800377627
165.16580732374484
323.6268451012503
132.6973995231767
645.4811516040454
165.17168031095514
323.85437096443417
165.224621156459
109.27844625193322
645.4927293187362
205.92726945641687
91.24306994960908
205.92376200869418
165.20486620487418
165.1755749640568
133.5139950866818
133.59487218320115
109.22276225816776
67.99276473064008
109.38740062081199
205.9337908124689
109.30369801695292
133.52972455218367
133.43246909061162
109.28733246691522
77.67406988491973
91.04814326299032
512.6117065242892
257.8962423862361
2048.0587307234073
165.2503011702089
205.9224415187409
109.34684128254558
205.99943816202904
133.5685865730364
65.97201402192812
91.13586181709236
77.8900317153214
91.1439070678234
65.97201402192812
91.03964671323897
205.9333583189983
109.32728802701466
205.92067649107827
91.04644690710873
133.58006342741794
133.5315617766428
407.278396144026
257.8911472624981
407.2750437127824
109.31119016895984
91.12452981660654
90.90252269559498
133.60004354654527
205.9748922607356
133.6540978789747
91.08008946168862
109.3322034760635
109.27717261513519
77.76730306503053
91.05997611213483
89.62160606904095
91.07675243554405
89.62160606904095
109.34319722383785
109.37205592324736
165.29458536514596
645.4953649388511
645.5005283453859
91.15987310465886
133.5343122995147
133.56235325663016
133.57654597575123
165.1426230235144
109.32358971270172
91.16621242475075
165.2503011702089
257.90333381791953
165.24971580958965
91.23408924934598
165.1947941563358
109.19757799111896
91.0294023853796
165.22218093377728
133.4675646000603
165.12981440851226
164.57334004117774
323.8408492397466
512.6133803460191
205.95788539990087
323.84788784937484
257.8944508208687
512.6133803460191
323.8450920013145
205.95498729434948
205.9393833316613
205.9482976927548
205.9410928203434
323.84287684236637
323.83114883430517
407.27029842209623
407.26922819243873
407.26976400731655
133.61622377480066
205.48459618478185
205.95953350782207
512.6095626598586
512.5048179283684
133.49334545248558
165.22887100734764
257.886298870717
109.40715017217255
205.91890649309
205.96362811853416
257.8844677333811
257.91742372377564
257.91742372377564
257.9088606684984
1024.188975267604
164.57334004117774
133.60433057216446
91.18506583496328
512.6185228470935
257.9257766477977
257.9293278443019
407.26922819243873
257.9148763366968
407.27992139680873
407.2805527096017
257.9191115013683
323.85320365116587
323.8528134018087
165.24501212037683
407.26584813802197
407.278396144026
165.2432387844451
257.91854984804814
165.19034815407994
133.54615679960742
165.17686947407876
257.9030407693568
257.8714573168764
645.4983302355289
132.6973995231767
109.38740062081199
65.97201402192812
109.3149215634167
257.8902420631307
108.1661739593453
77.69725999285373
77.65918223042245
91.06838319297448
109.26309441272235
407.2742610302518
323.6268451012503
257.88170794007544
257.9221836227867
205.94955883204688
165.27935184646026
205.91846322064097
205.92155962816642
257.90127800377627
257.9199522102367
407.2700313902442
165.27490273908074
133.5324793272875
257.91288216962585
205.9149059854541
323.8528134018087
205.92155962816642
407.27242190923283
68.0554105908091
91.12615354092304
257.9140230620705
205.95248926182336
165.22401189685084
165.25901098178625
165.26360108706749
91.09998207605157
205.93981120582748
